# Filename: 111113_time_plot.dat
# Timestamp: Fri Aug 10 11:11:13 2018

# Column 1:
#	name: time 
#	size: 0
#	type: coordinate
#	units: us
# Column 2:
#	name: V (t) 
#	type: value
#	units: Volt
# Column 3:
#	name: V std
#	type: value
#	units: Volts
# Column 4:
#	name: V2 (t) 
#	type: value
#	units: Volt
# Column 5:
#	name: V2 std
#	type: value
#	units: Volts
# Column 6:
#	name: Amp (t) 
#	type: value
#	units: Volt

0.000000000000e+00	7.858038258038e-05	6.966236714242e-03	-4.767070953738e-04	1.090058795355e-02	4.049105035688e-04
1.000000000000e+00	2.320683760684e-04	6.974478627551e-03	-2.110780084113e-04	1.089226669525e-02	7.080110592825e-04
2.000000000000e+00	4.483147469814e-04	6.998588638177e-03	1.768639261973e-04	1.088285633359e-02	1.149759364877e-03
3.000000000000e+00	7.365448378782e-04	7.028595326678e-03	6.889941663275e-04	1.086383629505e-02	1.736265570948e-03
4.000000000000e+00	1.091336318003e-03	7.056024683628e-03	1.336552435219e-03	1.083914215976e-02	2.473634183051e-03
5.000000000000e+00	1.499986433320e-03	7.075813209759e-03	2.093651336318e-03	1.080631950459e-02	3.333175720196e-03
6.000000000000e+00	1.942255867589e-03	7.095275286338e-03	2.930448514449e-03	1.077428028913e-02	4.278880785291e-03
7.000000000000e+00	2.395821462488e-03	7.123969677069e-03	3.799019943020e-03	1.074557009602e-02	5.258084728812e-03
8.000000000000e+00	2.834622167956e-03	7.150340599732e-03	4.652327228327e-03	1.071688158574e-02	6.216973846871e-03
9.000000000000e+00	3.238748609415e-03	7.175110190647e-03	5.443614163614e-03	1.068907769644e-02	7.104977876416e-03
1.000000000000e+01	3.603021571022e-03	7.191502698343e-03	6.161584588251e-03	1.065828276950e-02	7.909646749892e-03
1.100000000000e+01	3.926147334147e-03	7.203078822772e-03	6.786997693664e-03	1.063066014527e-02	8.613423642291e-03
1.200000000000e+01	4.215019943020e-03	7.213338131057e-03	7.335951159951e-03	1.061720395370e-02	9.233687241424e-03
1.300000000000e+01	4.477032695699e-03	7.232209517287e-03	7.817392484059e-03	1.060895742056e-02	9.781807834479e-03
1.400000000000e+01	4.708291412291e-03	7.258605919974e-03	8.247770994438e-03	1.059733623907e-02	1.027037897168e-02
1.500000000000e+01	4.908557319224e-03	7.284703263490e-03	8.625002849003e-03	1.057072140215e-02	1.069745658753e-02
1.600000000000e+01	5.074947768281e-03	7.291961944124e-03	8.952604531271e-03	1.054300858378e-02	1.106476246791e-02
1.700000000000e+01	5.204580111247e-03	7.286794401891e-03	9.223386786053e-03	1.051417607134e-02	1.136461624798e-02
1.800000000000e+01	5.299816035816e-03	7.279632711266e-03	9.438638990639e-03	1.049585532984e-02	1.159929101515e-02
1.900000000000e+01	5.366160358160e-03	7.293472614546e-03	9.590121286121e-03	1.049157838799e-02	1.176413869714e-02
2.000000000000e+01	5.410923890924e-03	7.319840428682e-03	9.690831637498e-03	1.048556806107e-02	1.187405222206e-02
2.100000000000e+01	5.435782390449e-03	7.344321139893e-03	9.744989824990e-03	1.048066580737e-02	1.193353257546e-02
2.200000000000e+01	5.450577669244e-03	7.351697618954e-03	9.762029575363e-03	1.047572016390e-02	1.195553658010e-02
2.300000000000e+01	5.454059422059e-03	7.340174000998e-03	9.749869488536e-03	1.047434722614e-02	1.194646195329e-02
2.400000000000e+01	5.438968932302e-03	7.331522935824e-03	9.719575634242e-03	1.048839453393e-02	1.191263290090e-02
2.500000000000e+01	5.405779405779e-03	7.333094321981e-03	9.666897842898e-03	1.050405880984e-02	1.185052445099e-02
2.600000000000e+01	5.347379731380e-03	7.345293803582e-03	9.591940306607e-03	1.052675715869e-02	1.175688273720e-02
2.700000000000e+01	5.262671550672e-03	7.357808173025e-03	9.494512006512e-03	1.054847561864e-02	1.163107284143e-02
2.800000000000e+01	5.158592321259e-03	7.365575562013e-03	9.364823226157e-03	1.058377548241e-02	1.146776402311e-02
2.900000000000e+01	5.043590286257e-03	7.369763223044e-03	9.209472798806e-03	1.061946314559e-02	1.127674222607e-02
3.000000000000e+01	4.919341202008e-03	7.361257354342e-03	9.029572106905e-03	1.066302043609e-02	1.105975351208e-02
3.100000000000e+01	4.798834350834e-03	7.353726929551e-03	8.825303486637e-03	1.070319914866e-02	1.082292347917e-02
3.200000000000e+01	4.681687695021e-03	7.354918125978e-03	8.600361416361e-03	1.072937987527e-02	1.056930523009e-02
3.300000000000e+01	4.571226699227e-03	7.362066824757e-03	8.369154795821e-03	1.075164396206e-02	1.031321398655e-02
3.400000000000e+01	4.456997422331e-03	7.371692987627e-03	8.128310405644e-03	1.077115066090e-02	1.004684252162e-02
3.500000000000e+01	4.339711843712e-03	7.363330860446e-03	7.883432912766e-03	1.079432787383e-02	9.775490982579e-03
3.600000000000e+01	4.215158865826e-03	7.343938874679e-03	7.636232804233e-03	1.081794223949e-02	9.498718393815e-03
3.700000000000e+01	4.075953873287e-03	7.333044199869e-03	7.380927418261e-03	1.083659513415e-02	9.207970620507e-03
3.800000000000e+01	3.927428028761e-03	7.332777248455e-03	7.123898521232e-03	1.085175124794e-02	8.911386117975e-03
3.900000000000e+01	3.773089133089e-03	7.342149524700e-03	6.860305521639e-03	1.086833043883e-02	8.606316156898e-03
4.000000000000e+01	3.616983312983e-03	7.347929328140e-03	6.592796635463e-03	1.088521020120e-02	8.296984356315e-03
4.100000000000e+01	3.457400081400e-03	7.342589277847e-03	6.322153303487e-03	1.090537607573e-02	7.983305673805e-03
4.200000000000e+01	3.300768959436e-03	7.340580739400e-03	6.046795278795e-03	1.092606833758e-02	7.666814651713e-03
4.300000000000e+01	3.153219915887e-03	7.351086637265e-03	5.776399403066e-03	1.095343729466e-02	7.358894735959e-03
4.400000000000e+01	3.009352326686e-03	7.369480967979e-03	5.506598290598e-03	1.099851288281e-02	7.053184703124e-03
4.500000000000e+01	2.863348799349e-03	7.380376994693e-03	5.234474562475e-03	1.104717305484e-02	6.744441209973e-03
4.600000000000e+01	2.714692714693e-03	7.378975018463e-03	4.963440510107e-03	1.109818747609e-02	6.435478668533e-03
4.700000000000e+01	2.564009225343e-03	7.379955974695e-03	4.682021978022e-03	1.114892327035e-02	6.116347398828e-03
4.800000000000e+01	2.398213539547e-03	7.383492551135e-03	4.379196309863e-03	1.119386472877e-02	5.771312702531e-03
4.900000000000e+01	2.217713743047e-03	7.385854498172e-03	4.037515669516e-03	1.123390751582e-02	5.384974511292e-03
5.000000000000e+01	2.001819020486e-03	7.383002156731e-03	3.633020214354e-03	1.127674332576e-02	4.926644680722e-03
5.100000000000e+01	1.736337539004e-03	7.382730182921e-03	3.128027133360e-03	1.132176940255e-02	4.356285606176e-03
5.200000000000e+01	1.409686609687e-03	7.378929225109e-03	2.496253968254e-03	1.137844693703e-02	3.645212879488e-03
5.300000000000e+01	1.013982363316e-03	7.380528050821e-03	1.722371455705e-03	1.144725069424e-02	2.776215588205e-03
5.400000000000e+01	5.448313661647e-04	7.377355369758e-03	8.092839506173e-04	1.151640153493e-02	1.750183847090e-03
5.500000000000e+01	2.608058608059e-05	7.359883481338e-03	-2.293116266450e-04	1.158008702578e-02	5.907028242386e-04
5.600000000000e+01	-5.236109076109e-04	7.331474374326e-03	-1.344401573735e-03	1.164301789205e-02	6.562048041751e-04
5.700000000000e+01	-1.073163478497e-03	7.303726322814e-03	-2.488865011532e-03	1.170845069434e-02	1.924271217050e-03
5.800000000000e+01	-1.601148283815e-03	7.286826513986e-03	-3.606451227785e-03	1.178505533282e-02	3.159846546058e-03
5.900000000000e+01	-2.076542124542e-03	7.278911245478e-03	-4.667756342423e-03	1.185438733898e-02	4.322033268153e-03
6.000000000000e+01	-2.509121693122e-03	7.275773735470e-03	-5.652849274183e-03	1.192070297258e-02	5.397311873701e-03
6.100000000000e+01	-2.888871523538e-03	7.266922982444e-03	-6.556681047348e-03	1.197963182916e-02	6.376798107477e-03
6.200000000000e+01	-3.232627323294e-03	7.243290357496e-03	-7.383180572514e-03	1.203664744496e-02	7.271221439519e-03
6.300000000000e+01	-3.542325328992e-03	7.207218640743e-03	-8.146635191969e-03	1.208547350931e-02	8.094311382861e-03
6.400000000000e+01	-3.831727581061e-03	7.168533555187e-03	-8.847509428843e-03	1.211652180923e-02	8.852153949397e-03
6.500000000000e+01	-4.092915479582e-03	7.133846560659e-03	-9.480658797992e-03	1.213249039522e-02	9.536723570586e-03
6.600000000000e+01	-4.326205942206e-03	7.107788197543e-03	-1.004566653100e-02	1.213388389351e-02	1.014774252656e-02
6.700000000000e+01	-4.517897707231e-03	7.091600079039e-03	-1.053126685660e-02	1.213349492470e-02	1.066933479655e-02
6.800000000000e+01	-4.675236467236e-03	7.072740890304e-03	-1.093263220730e-02	1.213774479138e-02	1.110003755072e-02
6.900000000000e+01	-4.793446750780e-03	7.057540918325e-03	-1.125249328449e-02	1.214189510165e-02	1.144041070955e-02
7.000000000000e+01	-4.881957943291e-03	7.038864660677e-03	-1.149332030932e-02	1.214602681833e-02	1.169650904121e-02
7.100000000000e+01	-4.944768416768e-03	7.018190110343e-03	-1.167059883327e-02	1.213680657462e-02	1.188410428879e-02
7.200000000000e+01	-4.983927282594e-03	7.001124783701e-03	-1.178702916836e-02	1.212534239785e-02	1.200648292342e-02
7.300000000000e+01	-5.003415547416e-03	6.990109394413e-03	-1.185696377696e-02	1.211168479569e-02	1.207838766595e-02
7.400000000000e+01	-5.001900420567e-03	6.987821243512e-03	-1.188052421652e-02	1.210313257477e-02	1.209939867054e-02
7.500000000000e+01	-4.979342830009e-03	6.993173266566e-03	-1.185975091575e-02	1.209431719384e-02	1.207137559387e-02
7.600000000000e+01	-4.932530185864e-03	6.998597809459e-03	-1.179855541989e-02	1.208905991935e-02	1.199664642902e-02
7.700000000000e+01	-4.873956857957e-03	6.989744611293e-03	-1.169150237417e-02	1.207482937157e-02	1.187516525217e-02
7.800000000000e+01	-4.797406050739e-03	6.979836232911e-03	-1.154374928775e-02	1.205216274044e-02	1.170920480600e-02
7.900000000000e+01	-4.712836792837e-03	6.964400694801e-03	-1.135966354633e-02	1.202110200872e-02	1.150669421336e-02
8.000000000000e+01	-4.614284086284e-03	6.963086942830e-03	-1.114484113417e-02	1.197990409068e-02	1.127042758893e-02
8.100000000000e+01	-4.509584045584e-03	6.957842913189e-03	-1.089721123321e-02	1.193600468096e-02	1.100157470358e-02
8.200000000000e+01	-4.392663139330e-03	6.959160056002e-03	-1.062144078144e-02	1.189824839910e-02	1.070204285669e-02
8.300000000000e+01	-4.269547144214e-03	6.953015680371e-03	-1.032173219373e-02	1.186786794659e-02	1.037806356035e-02
8.400000000000e+01	-4.130680776014e-03	6.947481079012e-03	-9.998063763397e-03	1.184258626893e-02	1.002586353416e-02
8.500000000000e+01	-3.979102971103e-03	6.945825286746e-03	-9.652085198752e-03	1.181220155871e-02	9.648153763788e-03
8.600000000000e+01	-3.815234839235e-03	6.943668532986e-03	-9.293321394655e-03	1.178112893230e-02	9.253866048721e-03
8.700000000000e+01	-3.642540767874e-03	6.937031038453e-03	-8.920517704518e-03	1.174828828838e-02	8.843218359729e-03
8.800000000000e+01	-3.467485008818e-03	6.928704151859e-03	-8.544805318139e-03	1.171568457081e-02	8.428993342354e-03
8.900000000000e+01	-3.292737484737e-03	6.933232325752e-03	-8.159932709266e-03	1.167443988344e-02	8.006469453786e-03
9.000000000000e+01	-3.122383394383e-03	6.941709160136e-03	-7.769194953195e-03	1.162847078207e-02	7.580250907207e-03
9.100000000000e+01	-2.957716456383e-03	6.952365811333e-03	-7.376499253833e-03	1.157871581944e-02	7.154428041957e-03
9.200000000000e+01	-2.791091575092e-03	6.951908904225e-03	-6.970744810745e-03	1.153022811553e-02	6.715805869929e-03
9.300000000000e+01	-2.621310541311e-03	6.942599313604e-03	-6.559450820784e-03	1.148300106630e-02	6.270855665117e-03
9.400000000000e+01	-2.439721069054e-03	6.931361827519e-03	-6.139161579162e-03	1.144586458096e-02	5.813039555815e-03
9.500000000000e+01	-2.253113010446e-03	6.924069149790e-03	-5.710584723918e-03	1.140927916480e-02	5.345645378349e-03
9.600000000000e+01	-2.055048161715e-03	6.922794230043e-03	-5.272739112739e-03	1.138067031451e-02	4.865304552764e-03
9.700000000000e+01	-1.856761904762e-03	6.935458961308e-03	-4.839065527066e-03	1.134939209636e-02	4.388787453694e-03
9.800000000000e+01	-1.658193460860e-03	6.956254802438e-03	-4.413002306336e-03	1.130715835764e-02	3.919302956091e-03
9.900000000000e+01	-1.468281644282e-03	6.980510521374e-03	-4.001868945869e-03	1.126267779800e-02	3.467043770925e-03
1.000000000000e+02	-1.285467914801e-03	6.981642269944e-03	-3.607488807489e-03	1.121060504783e-02	3.033155595758e-03
1.010000000000e+02	-1.117006647673e-03	6.973407252432e-03	-3.237511328178e-03	1.116334659265e-02	2.627425923700e-03
1.020000000000e+02	-9.566767060100e-04	6.957941909719e-03	-2.876490028490e-03	1.111756463141e-02	2.233182865245e-03
1.030000000000e+02	-8.017864604531e-04	6.957743170057e-03	-2.525805453805e-03	1.107773314595e-02	1.850825601319e-03
1.040000000000e+02	-6.524053724054e-04	6.971350861639e-03	-2.175242436576e-03	1.104042169705e-02	1.470828398909e-03
1.050000000000e+02	-4.975368335368e-04	6.981720540602e-03	-1.826311762312e-03	1.100418026777e-02	1.091586985794e-03
1.060000000000e+02	-3.444916564917e-04	6.987012030563e-03	-1.477346357346e-03	1.097159030407e-02	7.153800717198e-04
1.070000000000e+02	-1.969730023063e-04	6.986389027408e-03	-1.143111111111e-03	1.094540513088e-02	3.645948950926e-04
1.080000000000e+02	-6.081562881563e-05	6.990180042092e-03	-8.317416904084e-04	1.093028627718e-02	1.409087296763e-04
1.090000000000e+02	6.432342965676e-05	7.002731031340e-03	-5.516602903270e-04	1.092017418904e-02	3.418019861997e-04
1.100000000000e+02	1.801676841677e-04	7.008284030487e-03	-2.994415954416e-04	1.090505936695e-02	6.062551986932e-04
1.110000000000e+02	2.777566137566e-04	7.009971834140e-03	-8.004341337675e-05	1.089541855720e-02	8.413934689401e-04
1.120000000000e+02	3.649046262380e-04	7.002390911215e-03	1.250023063356e-04	1.088613578721e-02	1.061033719349e-03
1.130000000000e+02	4.468994708995e-04	7.002736962261e-03	3.111849138516e-04	1.087812942562e-02	1.262872641352e-03
1.140000000000e+02	5.233374033374e-04	7.014393863995e-03	5.008666395333e-04	1.087658388668e-02	1.465484396839e-03
1.150000000000e+02	6.019503459503e-04	7.028795919019e-03	6.775286935287e-04	1.087593591268e-02	1.658145464323e-03
1.160000000000e+02	6.790264550265e-04	7.040555323304e-03	8.501098901099e-04	1.087934741606e-02	1.846629452785e-03
1.170000000000e+02	7.521953601954e-04	7.043723610046e-03	1.004153574820e-03	1.087369415821e-02	2.016992398431e-03
1.180000000000e+02	8.197161850495e-04	7.039512121418e-03	1.140727716728e-03	1.085707849006e-02	2.169291758614e-03
1.190000000000e+02	8.709960656627e-04	7.038768900072e-03	1.247112196446e-03	1.082659445807e-02	2.287319138418e-03
1.200000000000e+02	9.084574684575e-04	7.039474667518e-03	1.334911409578e-03	1.079881756966e-02	2.382485308494e-03
1.210000000000e+02	9.278111518112e-04	7.043518548082e-03	1.397122778456e-03	1.078563425232e-02	2.446633164474e-03
1.220000000000e+02	9.375227241894e-04	7.046679446103e-03	1.447512684846e-03	1.079914747460e-02	2.495926471847e-03
1.230000000000e+02	9.431404151404e-04	7.047048633537e-03	1.492610500611e-03	1.082451877527e-02	2.538735743217e-03
1.240000000000e+02	9.472039072039e-04	7.040249841241e-03	1.533466829467e-03	1.084643457127e-02	2.577143366869e-03
1.250000000000e+02	9.553135259802e-04	7.036223547199e-03	1.565375661376e-03	1.085680909747e-02	2.609361178655e-03
1.260000000000e+02	9.664490571157e-04	7.033442472863e-03	1.591245692579e-03	1.085354923491e-02	2.637493276808e-03
1.270000000000e+02	9.764775471442e-04	7.037536218653e-03	1.603857278524e-03	1.085233791114e-02	2.653229248700e-03
1.280000000000e+02	9.824468864469e-04	7.044913063050e-03	1.600523131190e-03	1.085172322185e-02	2.652871518270e-03
1.290000000000e+02	9.800070546737e-04	7.053734370756e-03	1.576723918057e-03	1.086303620080e-02	2.630462224539e-03
1.300000000000e+02	9.640700040700e-04	7.060841971787e-03	1.547215845883e-03	1.087756402388e-02	2.596944738517e-03
1.310000000000e+02	9.357167277167e-04	7.064716039397e-03	1.506685117352e-03	1.088632402259e-02	2.548042501076e-03
1.320000000000e+02	8.965491792158e-04	7.052396612663e-03	1.460966490300e-03	1.087897642964e-02	2.489759645864e-03
1.330000000000e+02	8.482257495591e-04	7.043829791529e-03	1.411809523810e-03	1.086529021388e-02	2.424528913191e-03
1.340000000000e+02	8.020382580383e-04	7.037687593176e-03	1.361072310406e-03	1.085210719921e-02	2.358973295066e-03
1.350000000000e+02	7.560678334012e-04	7.044341853948e-03	1.305390313390e-03	1.086256651691e-02	2.289183714603e-03
1.360000000000e+02	7.128411341745e-04	7.051781863621e-03	1.246430606431e-03	1.088423137202e-02	2.217671118897e-03
1.370000000000e+02	6.726620539954e-04	7.052321499173e-03	1.179335232669e-03	1.090915295106e-02	2.140044606695e-03
1.380000000000e+02	6.347361280695e-04	7.043436974861e-03	1.109834757835e-03	1.092258582941e-02	2.061159117089e-03
1.390000000000e+02	5.984902998236e-04	7.032623588895e-03	1.026216252883e-03	1.092498136995e-02	1.970023405045e-03
1.400000000000e+02	5.631431284765e-04	7.025799335481e-03	9.440043413377e-04	1.091760151160e-02	1.880536690055e-03
1.410000000000e+02	5.251824718491e-04	7.022742231894e-03	8.509086962420e-04	1.091533846314e-02	1.780033977849e-03
1.420000000000e+02	4.838355718356e-04	7.024829146498e-03	7.558898385565e-04	1.091870379739e-02	1.676409741550e-03
1.430000000000e+02	4.426058879392e-04	7.025926186059e-03	6.602197802198e-04	1.091873403647e-02	1.572236903782e-03
1.440000000000e+02	3.997308370642e-04	7.027535830091e-03	5.609333876001e-04	1.090438729174e-02	1.464091732307e-03
1.450000000000e+02	3.523668430335e-04	7.026261247130e-03	4.634226020893e-04	1.088602116682e-02	1.355764976346e-03
1.460000000000e+02	3.027453534120e-04	7.023936021196e-03	3.637107583774e-04	1.087363894522e-02	1.244534920342e-03
1.470000000000e+02	2.488693528694e-04	7.023301050434e-03	2.597357210691e-04	1.087514089290e-02	1.127745771539e-03
1.480000000000e+02	2.028381495048e-04	7.014948906829e-03	1.580181793515e-04	1.088325616970e-02	1.016133195369e-03
1.490000000000e+02	1.563511056844e-04	7.006343958925e-03	5.940035273369e-05	1.088603900809e-02	9.072163958818e-04
1.500000000000e+02	1.152646859314e-04	7.002905970197e-03	-2.986189119522e-05	1.088452742269e-02	8.090322559976e-04
1.510000000000e+02	7.676570343237e-05	7.008895654569e-03	-1.087960927961e-04	1.088302622959e-02	7.214187713521e-04
1.520000000000e+02	3.950400217067e-05	7.022251857270e-03	-1.760434133767e-04	1.090111291416e-02	6.452120387874e-04
1.530000000000e+02	2.932573599240e-06	7.035045994400e-03	-2.409377289377e-04	1.093026340607e-02	5.716341266866e-04
1.540000000000e+02	-3.751132817799e-05	7.034957446679e-03	-3.012910052910e-04	1.096289783800e-02	5.014358662224e-04
1.550000000000e+02	-7.571944105277e-05	7.018923309736e-03	-3.690940170940e-04	1.097517240746e-02	4.254670949620e-04
1.560000000000e+02	-1.117655677656e-04	6.998538079576e-03	-4.389244335911e-04	1.096870794201e-02	3.488248296380e-04
1.570000000000e+02	-1.445470085470e-04	6.982329427569e-03	-5.174027947361e-04	1.095447664106e-02	2.653099837164e-04
1.580000000000e+02	-1.699959299959e-04	6.975099508779e-03	-5.915137701804e-04	1.094448354449e-02	1.882562248142e-04
1.590000000000e+02	-1.881079907747e-04	6.977085179689e-03	-6.607581060914e-04	1.094728278864e-02	1.178455228968e-04
1.600000000000e+02	-2.016442816443e-04	6.980209845135e-03	-7.174690001357e-04	1.095355694373e-02	6.196035061165e-05
1.610000000000e+02	-2.113341473341e-04	6.985286853877e-03	-7.644466151133e-04	1.095844384469e-02	2.450376397651e-05
1.620000000000e+02	-2.226693800027e-04	6.985617327066e-03	-7.984262650929e-04	1.095807025399e-02	3.712805815455e-05
1.630000000000e+02	-2.305272011939e-04	6.986037596164e-03	-8.371423144756e-04	1.095513366968e-02	7.050087256893e-05
1.640000000000e+02	-2.503888210555e-04	6.985004771629e-03	-8.751550671551e-04	1.095939783656e-02	1.132327562883e-04
1.650000000000e+02	-2.757639397639e-04	6.976886326466e-03	-9.281758241758e-04	1.096497788485e-02	1.718092485454e-04
1.660000000000e+02	-3.054717134717e-04	6.966921066469e-03	-9.831024284358e-04	1.097220462193e-02	2.342475756251e-04
1.670000000000e+02	-3.397248677249e-04	6.957702765312e-03	-1.052898114231e-03	1.098270894157e-02	3.119138039403e-04
1.680000000000e+02	-3.764873151540e-04	6.954598431177e-03	-1.117649165649e-03	1.099212564758e-02	3.863604625272e-04
1.690000000000e+02	-4.032125898793e-04	6.953799813159e-03	-1.181245421245e-03	1.099458394858e-02	4.550394343019e-04
1.700000000000e+02	-4.310492470492e-04	6.957386113030e-03	-1.230298195632e-03	1.098953066578e-02	5.114149807835e-04
1.710000000000e+02	-4.446246099579e-04	6.952735380732e-03	-1.258056708723e-03	1.097777838170e-02	5.422993004186e-04
1.720000000000e+02	-4.479717813051e-04	6.945105111341e-03	-1.264499253833e-03	1.095967913893e-02	5.495592923800e-04
1.730000000000e+02	-4.419894179894e-04	6.933775114180e-03	-1.252729887397e-03	1.094781426839e-02	5.363584306567e-04
1.740000000000e+02	-4.244026590693e-04	6.934436960060e-03	-1.233020214354e-03	1.094134131403e-02	5.107535226499e-04
1.750000000000e+02	-4.121948175282e-04	6.933236557057e-03	-1.213397368064e-03	1.093790818852e-02	4.877257142184e-04
1.760000000000e+02	-3.999522452856e-04	6.929230772087e-03	-1.194951024284e-03	1.093088593584e-02	4.657420420577e-04
1.770000000000e+02	-3.937614977615e-04	6.925337323677e-03	-1.195693393027e-03	1.092672304855e-02	4.636694622095e-04
1.780000000000e+02	-3.975601682268e-04	6.924964266804e-03	-1.200638176638e-03	1.093225456391e-02	4.697783107913e-04
1.790000000000e+02	-4.005296431963e-04	6.925769493016e-03	-1.215541988875e-03	1.093714002133e-02	4.844880712033e-04
1.800000000000e+02	-4.079793786460e-04	6.935308542784e-03	-1.233910188577e-03	1.094830325798e-02	5.042738117749e-04
1.810000000000e+02	-4.109141229141e-04	6.945310004136e-03	-1.246291683625e-03	1.095223629142e-02	5.167219700449e-04
1.820000000000e+02	-4.088736942070e-04	6.957840410283e-03	-1.248553520554e-03	1.095356357141e-02	5.179097768885e-04
1.830000000000e+02	-4.013762040429e-04	6.957573783862e-03	-1.245531949532e-03	1.095729558610e-02	5.120480235565e-04
1.840000000000e+02	-3.889773436440e-04	6.955439569283e-03	-1.231314068647e-03	1.095808504588e-02	4.940253359029e-04
1.850000000000e+02	-3.785624745625e-04	6.942783095947e-03	-1.220269705603e-03	1.095652538434e-02	4.797637186541e-04
1.860000000000e+02	-3.743036223036e-04	6.936112902740e-03	-1.203668430335e-03	1.094955042928e-02	4.628240142094e-04
1.870000000000e+02	-3.697539004206e-04	6.942660671433e-03	-1.190752950753e-03	1.093603026544e-02	4.491630273561e-04
1.880000000000e+02	-3.702357889025e-04	6.949840200229e-03	-1.176808574142e-03	1.091824530725e-02	4.365988440784e-04
1.890000000000e+02	-3.672098765432e-04	6.959709559431e-03	-1.168091168091e-03	1.090499381977e-02	4.274078235492e-04
1.900000000000e+02	-3.661028354362e-04	6.970047546186e-03	-1.155588115588e-03	1.090111316079e-02	4.155777640704e-04
1.910000000000e+02	-3.638409985077e-04	6.975846786959e-03	-1.142442545109e-03	1.091223722428e-02	4.027152494073e-04
1.920000000000e+02	-3.566083299417e-04	6.972542973956e-03	-1.130065391399e-03	1.093144215088e-02	3.884348175275e-04
1.930000000000e+02	-3.447521367521e-04	6.967974445294e-03	-1.117566680233e-03	1.095004868667e-02	3.721181192751e-04
1.940000000000e+02	-3.267703161036e-04	6.959175044985e-03	-1.096276760277e-03	1.097036350564e-02	3.453912014744e-04
1.950000000000e+02	-3.116147062814e-04	6.955285976304e-03	-1.075607651608e-03	1.098658251050e-02	3.204871005911e-04
1.960000000000e+02	-2.940279473613e-04	6.954292523840e-03	-1.049016958350e-03	1.099486076584e-02	2.893080927252e-04
1.970000000000e+02	-2.816942070275e-04	6.959989944989e-03	-1.019643467643e-03	1.098068048943e-02	2.574715969355e-04
1.980000000000e+02	-2.704371184371e-04	6.968582737352e-03	-9.871702618369e-04	1.095904176346e-02	2.231149685214e-04
1.990000000000e+02	-2.647456247456e-04	6.977527557457e-03	-9.556130782797e-04	1.093385906924e-02	1.916806521862e-04
2.000000000000e+02	-2.593927553928e-04	6.980367353663e-03	-9.228142721476e-04	1.092301729866e-02	1.595161208989e-04
2.010000000000e+02	-2.495769909103e-04	6.970291796467e-03	-8.947605480939e-04	1.091956031000e-02	1.299935755170e-04
2.020000000000e+02	-2.500415140415e-04	6.964103115003e-03	-8.761188441188e-04	1.092214612911e-02	1.138764967390e-04
2.030000000000e+02	-2.482572242572e-04	6.962417227412e-03	-8.652307692308e-04	1.092396859040e-02	1.037088650873e-04
2.040000000000e+02	-2.460474833808e-04	6.973991371632e-03	-8.593482566816e-04	1.093011455179e-02	9.758907829783e-05
2.050000000000e+02	-2.407640754307e-04	6.979336547354e-03	-8.589141229141e-04	1.094620294194e-02	9.435630829855e-05
2.060000000000e+02	-2.356369556370e-04	6.976234782232e-03	-8.557970424637e-04	1.095270140703e-02	8.905613014791e-05
2.070000000000e+02	-2.255693935694e-04	6.969329403237e-03	-8.531878985212e-04	1.094588362139e-02	8.211850493567e-05
2.080000000000e+02	-2.092459639126e-04	6.970922712519e-03	-8.429900963234e-04	1.092861079432e-02	6.688153990607e-05
2.090000000000e+02	-1.910861484195e-04	6.977026403842e-03	-8.316027676028e-04	1.091743073875e-02	5.304290786115e-05
2.100000000000e+02	-1.772329398996e-04	6.990776711699e-03	-8.168422195089e-04	1.092075134624e-02	4.078575380089e-05
2.110000000000e+02	-1.667442680776e-04	6.997214280902e-03	-8.041003934337e-04	1.094155218516e-02	3.543216141511e-05
2.120000000000e+02	-1.645345272012e-04	7.001595850804e-03	-7.876510649844e-04	1.096547657821e-02	2.827020693084e-05
2.130000000000e+02	-1.645692579026e-04	7.000023141628e-03	-7.787860534527e-04	1.098787200809e-02	2.673491053215e-05
2.140000000000e+02	-1.706992266992e-04	6.993596098031e-03	-7.678241758242e-04	1.099440150222e-02	2.323335516703e-05
2.150000000000e+02	-1.699438339438e-04	6.982861566385e-03	-7.641166734500e-04	1.099393975748e-02	2.578452311848e-05
2.160000000000e+02	-1.638485958486e-04	6.976021478037e-03	-7.567971781305e-04	1.097397341558e-02	3.503412297146e-05
2.170000000000e+02	-1.629759869760e-04	6.976763246645e-03	-7.540013566680e-04	1.095661241400e-02	3.749098229619e-05
2.180000000000e+02	-1.537549857550e-04	6.980550221037e-03	-7.397313797314e-04	1.094117896752e-02	5.401439524613e-05
2.190000000000e+02	-1.445339845340e-04	6.989017186412e-03	-7.284308777642e-04	1.094054516322e-02	6.855888207090e-05
2.200000000000e+02	-1.376833536834e-04	6.994368129835e-03	-7.174603174603e-04	1.094471475919e-02	8.129143806260e-05
2.210000000000e+02	-1.394633021300e-04	6.999679788878e-03	-7.020094966762e-04	1.094921030794e-02	9.245216429839e-05
2.220000000000e+02	-1.440217066884e-04	7.005529046991e-03	-6.943904490571e-04	1.094801189249e-02	9.654069359652e-05
2.230000000000e+02	-1.540198073531e-04	7.000440808947e-03	-6.899015059015e-04	1.095175786421e-02	9.617918158199e-05
2.240000000000e+02	-1.668050468050e-04	6.994490618959e-03	-6.850782797449e-04	1.095775962885e-02	9.663875567649e-05
2.250000000000e+02	-1.758610771944e-04	6.992824732553e-03	-6.857207977208e-04	1.096385443034e-02	9.411500165111e-05
2.260000000000e+02	-1.781315967983e-04	6.995479788926e-03	-6.862504409171e-04	1.095599687247e-02	9.324485152965e-05
2.270000000000e+02	-1.709119522453e-04	7.000767910432e-03	-6.868799348799e-04	1.093692049412e-02	9.392067755072e-05
2.280000000000e+02	-1.606620539954e-04	6.989830086003e-03	-6.868191561525e-04	1.091758652450e-02	9.672289778101e-05
2.290000000000e+02	-1.460143806810e-04	6.980464295332e-03	-6.841883055216e-04	1.090996384255e-02	1.046764186346e-04
2.300000000000e+02	-1.311626644960e-04	6.968219137439e-03	-6.803939763940e-04	1.091072824467e-02	1.151239058848e-04
2.310000000000e+02	-1.229966083299e-04	6.966090908668e-03	-6.781625288292e-04	1.091035059888e-02	1.214310742524e-04
2.320000000000e+02	-1.156380409714e-04	6.971090457961e-03	-6.733002306336e-04	1.090458471821e-02	1.296337210350e-04
2.330000000000e+02	-1.202355175689e-04	6.972784502243e-03	-6.739384072717e-04	1.090583588354e-02	1.264767129318e-04
2.340000000000e+02	-1.273813593814e-04	6.969858444767e-03	-6.725144485144e-04	1.090642528522e-02	1.238213515820e-04
2.350000000000e+02	-1.362897842898e-04	6.965814856821e-03	-6.742466422466e-04	1.090707613209e-02	1.179314105659e-04
2.360000000000e+02	-1.449247049247e-04	6.966284099575e-03	-6.745722425722e-04	1.090149497062e-02	1.138616841712e-04
2.370000000000e+02	-1.519229412563e-04	6.965419804601e-03	-6.774071360738e-04	1.090455144858e-02	1.085484654152e-04
2.380000000000e+02	-1.546666666667e-04	6.964531827060e-03	-6.850392077059e-04	1.091260634914e-02	1.004411874091e-04
2.390000000000e+02	-1.503340116673e-04	6.957920254171e-03	-6.941820648487e-04	1.092735201067e-02	9.379852275423e-05
2.400000000000e+02	-1.460577940578e-04	6.951367894928e-03	-7.020355447022e-04	1.093367179186e-02	8.889987015166e-05
2.410000000000e+02	-1.319788359788e-04	6.949468852492e-03	-7.109309455976e-04	1.092561383266e-02	8.996172567128e-05
2.420000000000e+02	-1.259356939357e-04	6.955097025529e-03	-7.146297652964e-04	1.091514023374e-02	9.143318114920e-05
2.430000000000e+02	-1.128639261973e-04	6.963441623600e-03	-7.074144620811e-04	1.090643095990e-02	1.058983138801e-04
2.440000000000e+02	-1.106020892688e-04	6.980557790778e-03	-6.939563152896e-04	1.091838260787e-02	1.169209417980e-04
2.450000000000e+02	-1.098206484873e-04	6.983172540993e-03	-6.762176095509e-04	1.094097168811e-02	1.308183312087e-04
2.460000000000e+02	-1.204091710758e-04	6.984695241807e-03	-6.574847374847e-04	1.096234610580e-02	1.403041634740e-04
2.470000000000e+02	-1.295520282187e-04	6.981252026830e-03	-6.498526658527e-04	1.096225973312e-02	1.427545627867e-04
2.480000000000e+02	-1.446121286121e-04	6.977822696997e-03	-6.528698955366e-04	1.094470648410e-02	1.340825728026e-04
2.490000000000e+02	-1.620165513499e-04	6.985530969949e-03	-6.668750508751e-04	1.092305441269e-02	1.154612680830e-04
2.500000000000e+02	-1.735428028761e-04	6.991944513301e-03	-6.925193325193e-04	1.090947795268e-02	8.785488605999e-05
2.510000000000e+02	-1.808405915073e-04	6.994086354026e-03	-7.204297924298e-04	1.089878220500e-02	5.906456517866e-05
2.520000000000e+02	-1.849474969475e-04	6.986300742719e-03	-7.464083570750e-04	1.089831308732e-02	3.277411844801e-05
2.530000000000e+02	-1.828723375390e-04	6.967641848693e-03	-7.653452720119e-04	1.090081253652e-02	1.567535541892e-05
2.540000000000e+02	-1.822037715371e-04	6.962566892995e-03	-7.810999864333e-04	1.090664905979e-02	9.447214629454e-06
2.550000000000e+02	-1.856985483652e-04	6.962597134802e-03	-7.947057387057e-04	1.091199370427e-02	1.709056338327e-05
2.560000000000e+02	-1.933827160494e-04	6.969373031160e-03	-8.026460453127e-04	1.091324569365e-02	2.417534411461e-05
2.570000000000e+02	-2.011276624610e-04	6.971791365699e-03	-8.116412969746e-04	1.091371981289e-02	3.450901136197e-05
2.580000000000e+02	-2.057034323701e-04	6.975113248390e-03	-8.131086691087e-04	1.091846962567e-02	3.742934397775e-05
2.590000000000e+02	-2.032549179216e-04	6.987589681664e-03	-8.157308370642e-04	1.092872772896e-02	3.904474012796e-05
2.600000000000e+02	-1.983709130376e-04	6.995623228078e-03	-8.040830280830e-04	1.093906814987e-02	2.648323623185e-05
2.610000000000e+02	-1.859156152489e-04	6.996510982284e-03	-7.822113688780e-04	1.094805361403e-02	6.508187909475e-06
2.620000000000e+02	-1.732389092389e-04	6.986576250580e-03	-7.525730565731e-04	1.094374321525e-02	3.164895222414e-05
2.630000000000e+02	-1.630324243658e-04	6.979426151516e-03	-7.246408899742e-04	1.092996334017e-02	6.088136675242e-05
2.640000000000e+02	-1.567939221273e-04	6.984328396117e-03	-6.985581332248e-04	1.091368589476e-02	8.712771446119e-05
2.650000000000e+02	-1.540588793922e-04	6.991715617611e-03	-6.861809795143e-04	1.089937196995e-02	9.960461902057e-05
2.660000000000e+02	-1.527998914666e-04	6.994381703466e-03	-6.856469949803e-04	1.089299233165e-02	1.005752898066e-04
2.670000000000e+02	-1.537115723782e-04	6.986302987372e-03	-6.980284900285e-04	1.089251613993e-02	8.887353184278e-05
2.680000000000e+02	-1.506335639669e-04	6.983395643052e-03	-7.152418939086e-04	1.089820738064e-02	7.525451204317e-05
2.690000000000e+02	-1.474557047890e-04	6.983899614857e-03	-7.311876271876e-04	1.090265637148e-02	6.455055907258e-05
2.700000000000e+02	-1.423633156966e-04	6.983675835859e-03	-7.368574141907e-04	1.091807145045e-02	6.429809315269e-05
2.710000000000e+02	-1.363071496405e-04	6.981356152942e-03	-7.373827160494e-04	1.094228748169e-02	6.870342770962e-05
2.720000000000e+02	-1.364894858228e-04	6.974352309835e-03	-7.276885090218e-04	1.096589137408e-02	7.478291551570e-05
2.730000000000e+02	-1.399321665988e-04	6.972917762288e-03	-7.275799755800e-04	1.098387678768e-02	7.237388009466e-05
2.740000000000e+02	-1.465223171890e-04	6.972487387301e-03	-7.277840184507e-04	1.098510800285e-02	6.770199405705e-05
2.750000000000e+02	-1.593162393162e-04	6.975926623736e-03	-7.376562203229e-04	1.097616973660e-02	5.192601164690e-05
2.760000000000e+02	-1.709597069597e-04	6.984396735574e-03	-7.548435761769e-04	1.096818856967e-02	3.124646388492e-05
2.770000000000e+02	-1.854033374033e-04	6.990871199111e-03	-7.765328991996e-04	1.096441599420e-02	6.238503749058e-06
2.780000000000e+02	-1.950714964048e-04	6.995669745948e-03	-7.979660832994e-04	1.097087798018e-02	1.976826286770e-05
2.790000000000e+02	-2.052606159273e-04	6.997766059790e-03	-8.131260344594e-04	1.097216105102e-02	3.727732235185e-05
2.800000000000e+02	-2.079739519740e-04	6.993796038486e-03	-8.270834350834e-04	1.096512601267e-02	5.130699486042e-05
2.810000000000e+02	-2.113341473341e-04	6.992847954949e-03	-8.397384344051e-04	1.094387030599e-02	6.437392244462e-05
2.820000000000e+02	-2.097929724596e-04	6.993791946494e-03	-8.453127119794e-04	1.091684523514e-02	6.926582927352e-05
2.830000000000e+02	-2.096019536020e-04	6.991129740608e-03	-8.467757427757e-04	1.090679432320e-02	7.062711890771e-05
2.840000000000e+02	-2.041839641840e-04	6.989711202297e-03	-8.429553656220e-04	1.091346505569e-02	6.567067585104e-05
2.850000000000e+02	-1.976719576720e-04	6.986012799596e-03	-8.320108533442e-04	1.094078589656e-02	5.382863657873e-05
2.860000000000e+02	-1.927966354633e-04	6.986478129590e-03	-8.103085063085e-04	1.096722647474e-02	3.178330788873e-05
2.870000000000e+02	-1.876738570072e-04	6.979796745477e-03	-7.894310134310e-04	1.097522242724e-02	1.146056575772e-05
2.880000000000e+02	-1.745152625153e-04	6.980850663118e-03	-7.680065120065e-04	1.096962755458e-02	1.982972218684e-05
2.890000000000e+02	-1.638051824718e-04	6.981852420192e-03	-7.599489892823e-04	1.096594040393e-02	3.320425938274e-05
2.900000000000e+02	-1.594464794465e-04	6.987292216321e-03	-7.585684439018e-04	1.097037736869e-02	3.761018592589e-05
2.910000000000e+02	-1.524786324786e-04	6.984863578502e-03	-7.688574141907e-04	1.097419964914e-02	4.001867439196e-05
2.920000000000e+02	-1.520748880749e-04	6.973344724709e-03	-7.852372812373e-04	1.096217128733e-02	3.979250788252e-05
2.930000000000e+02	-1.543671143671e-04	6.962584344580e-03	-7.974841948175e-04	1.093835079994e-02	4.150167707528e-05
2.940000000000e+02	-1.606794193461e-04	6.963825078344e-03	-8.049686609687e-04	1.090656164985e-02	4.043783132446e-05
2.950000000000e+02	-1.663318409985e-04	6.963542815261e-03	-8.042653642654e-04	1.089049066556e-02	3.583740592426e-05
2.960000000000e+02	-1.775715642382e-04	6.958436425956e-03	-7.979487179487e-04	1.089523276756e-02	2.375855299764e-05
2.970000000000e+02	-1.871008004341e-04	6.951304661805e-03	-7.924091710758e-04	1.091099994355e-02	1.447243631743e-05
2.980000000000e+02	-1.942205942206e-04	6.949822058871e-03	-7.894396961064e-04	1.093097694925e-02	1.126375934872e-05
2.990000000000e+02	-2.056643603310e-04	6.957602320470e-03	-7.899693393027e-04	1.093795595688e-02	1.834144420362e-05
3.000000000000e+02	-2.121329534663e-04	6.973174598932e-03	-7.927651607652e-04	1.094144257864e-02	2.521221828167e-05
3.010000000000e+02	-2.101880341880e-04	6.983367382683e-03	-8.006186406186e-04	1.094268109241e-02	2.903801996325e-05
3.020000000000e+02	-2.014836521503e-04	6.982062223184e-03	-8.062146248813e-04	1.094493797615e-02	2.946867427772e-05
3.030000000000e+02	-1.874264007597e-04	6.979811217870e-03	-8.058325871659e-04	1.095153547782e-02	2.754645396214e-05
3.040000000000e+02	-1.749580789581e-04	6.979746865697e-03	-7.997243250577e-04	1.094995787102e-02	2.674096621239e-05
3.050000000000e+02	-1.594551621218e-04	6.975839030141e-03	-7.922442002442e-04	1.094614737154e-02	3.466334534890e-05
3.060000000000e+02	-1.507420974088e-04	6.971620679716e-03	-7.792332112332e-04	1.094195528981e-02	4.056669926350e-05
3.070000000000e+02	-1.496524216524e-04	6.964475114961e-03	-7.745315425315e-04	1.094061680914e-02	4.184518526490e-05
3.080000000000e+02	-1.572193732194e-04	6.974459799171e-03	-7.751697191697e-04	1.094886683329e-02	3.425207082742e-05
3.090000000000e+02	-1.705429385429e-04	6.998466617869e-03	-7.879549586216e-04	1.096872759652e-02	2.278702763902e-05
3.100000000000e+02	-1.895840455840e-04	7.026627339941e-03	-8.115761769095e-04	1.098991396912e-02	3.306060216517e-05
3.110000000000e+02	-2.050609143942e-04	7.037189466431e-03	-8.357747931081e-04	1.099750240788e-02	5.884532318166e-05
3.120000000000e+02	-2.165046805047e-04	7.029959554433e-03	-8.635506715507e-04	1.099557911543e-02	8.864804816113e-05
3.130000000000e+02	-2.236157916158e-04	7.008557248651e-03	-8.812112332112e-04	1.097736411818e-02	1.076165223268e-04
3.140000000000e+02	-2.283435083435e-04	6.976131114609e-03	-8.909271469271e-04	1.096321448193e-02	1.183143724229e-04
3.150000000000e+02	-2.198952652286e-04	6.948059004058e-03	-8.838290598291e-04	1.095320514236e-02	1.090826122493e-04
3.160000000000e+02	-2.141690408357e-04	6.934135859733e-03	-8.669282322616e-04	1.093748425713e-02	9.127834760403e-05
3.170000000000e+02	-2.012665852666e-04	6.933225841171e-03	-8.414532627866e-04	1.091481559498e-02	6.367725668823e-05
3.180000000000e+02	-1.962436575770e-04	6.943536884567e-03	-8.129219915887e-04	1.089522800949e-02	3.471503350295e-05
3.190000000000e+02	-1.872310405644e-04	6.952527792879e-03	-7.889057115724e-04	1.088668450792e-02	1.111800643744e-05
3.200000000000e+02	-1.810967304301e-04	6.958335822284e-03	-7.738803418803e-04	1.088879920936e-02	1.122828472705e-05
3.210000000000e+02	-1.796684303351e-04	6.959631117191e-03	-7.660181793515e-04	1.089609763160e-02	1.710769152412e-05
3.220000000000e+02	-1.835061728395e-04	6.962938429743e-03	-7.701945461945e-04	1.090358650608e-02	1.143589843697e-05
3.230000000000e+02	-1.864539411206e-04	6.970052958974e-03	-7.801796228463e-04	1.091747308548e-02	5.112499776873e-06
3.240000000000e+02	-1.919630986298e-04	6.983783128664e-03	-7.932730972731e-04	1.093924124733e-02	1.472758415462e-05
3.250000000000e+02	-1.998556505223e-04	6.986559420976e-03	-8.033450006783e-04	1.095966239829e-02	2.621879751030e-05
3.260000000000e+02	-2.063676570343e-04	6.987485594631e-03	-8.050641703975e-04	1.097501980794e-02	3.048593682872e-05
3.270000000000e+02	-2.064110704111e-04	6.981971632879e-03	-8.043825803826e-04	1.097324147299e-02	2.991717314573e-05
3.280000000000e+02	-2.035067155067e-04	6.984864965964e-03	-7.994725274725e-04	1.096867173197e-02	2.421252800164e-05
3.290000000000e+02	-1.955664088997e-04	6.990046549366e-03	-7.950313390313e-04	1.096416157642e-02	1.701381256946e-05
3.300000000000e+02	-1.857940577941e-04	6.992965779089e-03	-7.902341609008e-04	1.095451088220e-02	1.290851478231e-05
3.310000000000e+02	-1.792690272690e-04	6.988496548362e-03	-7.869173789174e-04	1.094024532196e-02	1.465136118573e-05
3.320000000000e+02	-1.714155474155e-04	6.974168022912e-03	-7.874643874644e-04	1.093205764024e-02	2.178995269029e-05
3.330000000000e+02	-1.644042870710e-04	6.955282344536e-03	-7.841866775200e-04	1.092741344005e-02	2.748105566073e-05
3.340000000000e+02	-1.581050061050e-04	6.942704479565e-03	-7.809914529915e-04	1.092461055933e-02	3.328710831394e-05
3.350000000000e+02	-1.481199294533e-04	6.936492169643e-03	-7.657403337403e-04	1.090934277692e-02	4.504606321900e-05
3.360000000000e+02	-1.409046262380e-04	6.929255031345e-03	-7.561112467779e-04	1.088798925167e-02	5.517225702428e-05
3.370000000000e+02	-1.349483109483e-04	6.931578163135e-03	-7.445849952517e-04	1.087552035816e-02	6.580423118742e-05
3.380000000000e+02	-1.359120879121e-04	6.934567777936e-03	-7.406213539547e-04	1.088092138461e-02	6.713822246776e-05
3.390000000000e+02	-1.444949124949e-04	6.950164194698e-03	-7.424403744404e-04	1.089859474976e-02	5.912416185877e-05
3.400000000000e+02	-1.573669787003e-04	6.967688117607e-03	-7.533501560168e-04	1.091760843817e-02	4.227552141298e-05
3.410000000000e+02	-1.707730294397e-04	6.971344647722e-03	-7.661397368064e-04	1.094106076367e-02	2.399497902394e-05
3.420000000000e+02	-1.839489892823e-04	6.973782041341e-03	-7.764981684982e-04	1.096092516183e-02	7.637868993091e-06
3.430000000000e+02	-1.888850902184e-04	6.967346434107e-03	-7.824371184371e-04	1.097379935838e-02	4.569137766608e-06
3.440000000000e+02	-1.871442138109e-04	6.967178004472e-03	-7.864875864876e-04	1.097371316937e-02	8.952044612131e-06
3.450000000000e+02	-1.816697870031e-04	6.968405615867e-03	-7.817598697599e-04	1.096076801272e-02	1.015087003884e-05
3.460000000000e+02	-1.733995387329e-04	6.967256498488e-03	-7.747182200516e-04	1.095174661732e-02	1.831128731097e-05
3.470000000000e+02	-1.668484601818e-04	6.963521332623e-03	-7.738021978022e-04	1.094917839933e-02	2.491334224118e-05
3.480000000000e+02	-1.622770316104e-04	6.956536265601e-03	-7.740539953873e-04	1.094983645407e-02	2.937390263695e-05
3.490000000000e+02	-1.631322751323e-04	6.952900204375e-03	-7.776486229820e-04	1.094831617057e-02	2.818568842869e-05
3.500000000000e+02	-1.753965540632e-04	6.948371001629e-03	-7.823502916836e-04	1.093923789801e-02	1.635193808856e-05
3.510000000000e+02	-1.900615927283e-04	6.950373815319e-03	-7.818684032017e-04	1.093945133429e-02	3.533432842278e-06
3.520000000000e+02	-2.013490706824e-04	6.959129502297e-03	-7.788468321802e-04	1.094967037695e-02	1.004994073408e-05
3.530000000000e+02	-2.052085198752e-04	6.974287713126e-03	-7.737587844255e-04	1.096629522623e-02	1.471095117396e-05
3.540000000000e+02	-2.044531271198e-04	6.995602370527e-03	-7.660485687152e-04	1.097464215498e-02	1.815113489450e-05
3.550000000000e+02	-1.962610229277e-04	7.009556609354e-03	-7.631919685253e-04	1.097159632949e-02	1.614823793592e-05
3.560000000000e+02	-1.863757970425e-04	7.007893421299e-03	-7.639256545923e-04	1.095735519326e-02	1.544190438025e-05
3.570000000000e+02	-1.802501695835e-04	6.998850483149e-03	-7.691873558540e-04	1.094594463864e-02	1.449213492331e-05
3.580000000000e+02	-1.777929724596e-04	6.988229217308e-03	-7.737370777371e-04	1.093965656038e-02	1.434538853603e-05
3.590000000000e+02	-1.854337267671e-04	6.986108749582e-03	-7.833401166734e-04	1.093410300050e-02	7.569511601558e-06
3.600000000000e+02	-1.914074074074e-04	6.989278557125e-03	-7.834529914530e-04	1.093146115317e-02	4.893796843764e-06
3.610000000000e+02	-1.978282458282e-04	6.997934626639e-03	-7.829493962827e-04	1.093550127389e-02	7.863851178180e-06
3.620000000000e+02	-2.010538597205e-04	7.003547425341e-03	-7.760206213540e-04	1.095141633793e-02	1.007596417000e-05
3.630000000000e+02	-2.002593949261e-04	7.007549267675e-03	-7.666606973274e-04	1.097330763041e-02	1.489341431200e-05
3.640000000000e+02	-1.914334554335e-04	7.007844102964e-03	-7.602572242572e-04	1.099564053722e-02	1.830354300862e-05
3.650000000000e+02	-1.802197802198e-04	7.007097978195e-03	-7.541880341880e-04	1.100741707968e-02	2.677405579757e-05
3.660000000000e+02	-1.731824718491e-04	7.007088544090e-03	-7.432174738841e-04	1.101110290835e-02	3.971746437537e-05
3.670000000000e+02	-1.703996743997e-04	7.007661760644e-03	-7.345087505088e-04	1.099973422554e-02	4.875958754878e-05
3.680000000000e+02	-1.721969881970e-04	6.996471298029e-03	-7.239549586216e-04	1.098470800742e-02	5.785146192198e-05
3.690000000000e+02	-1.786004612671e-04	6.981544859518e-03	-7.188973002306e-04	1.096143036435e-02	6.100027841078e-05
3.700000000000e+02	-1.855205535206e-04	6.965725023590e-03	-7.244672364672e-04	1.093799040405e-02	5.440127866962e-05
3.710000000000e+02	-1.916592049925e-04	6.959539409475e-03	-7.321731108398e-04	1.093130458756e-02	4.638855902133e-05
3.720000000000e+02	-1.967646180980e-04	6.967612773798e-03	-7.507540360874e-04	1.093484125975e-02	2.833752723510e-05
3.730000000000e+02	-1.943551756885e-04	6.986453300191e-03	-7.775270655271e-04	1.094852087467e-02	3.222117892871e-06
3.740000000000e+02	-1.919761226428e-04	7.005428505395e-03	-7.979834486501e-04	1.095446011440e-02	1.943479756825e-05
3.750000000000e+02	-1.821429928097e-04	7.013226181835e-03	-8.141202007869e-04	1.095421130398e-02	3.672078353179e-05
3.760000000000e+02	-1.722968389635e-04	7.009694180254e-03	-8.187263600597e-04	1.094655969093e-02	4.443595851899e-05
3.770000000000e+02	-1.650468050468e-04	6.996690401720e-03	-8.101131461131e-04	1.094063190086e-02	4.104851923861e-05
3.780000000000e+02	-1.645128205128e-04	6.989854612200e-03	-7.937115723782e-04	1.093616231635e-02	3.077801471372e-05
3.790000000000e+02	-1.671784018451e-04	6.993297583238e-03	-7.806311219645e-04	1.093401440968e-02	2.421352745621e-05
3.800000000000e+02	-1.788348935016e-04	6.992333027593e-03	-7.669515669516e-04	1.093154245333e-02	1.703589803737e-05
3.810000000000e+02	-1.868707095374e-04	6.988134219631e-03	-7.670687830688e-04	1.092889527623e-02	1.231674300423e-05
3.820000000000e+02	-1.933827160494e-04	6.984259762526e-03	-7.694999321666e-04	1.093156998462e-02	9.295948536079e-06
3.830000000000e+02	-1.913032153032e-04	6.984011712767e-03	-7.785603038936e-04	1.093489051311e-02	0.000000000000e+00

0.000000000000e+00	3.984718491385e-04	7.024555186835e-03	8.787084520418e-05	1.093513215377e-02	1.886764423236e-03
1.000000000000e+00	7.004943698277e-04	7.030179615850e-03	6.148788495455e-04	1.091508930744e-02	2.494114990742e-03
2.000000000000e+00	1.087194681861e-03	7.052569336661e-03	1.294055080722e-03	1.088786580412e-02	3.275633207511e-03
3.000000000000e+00	1.540703839371e-03	7.077621729952e-03	2.108611585945e-03	1.085300355713e-02	4.207926245737e-03
4.000000000000e+00	2.041750644417e-03	7.117225583676e-03	3.017414190748e-03	1.082969070854e-02	5.245684576764e-03
5.000000000000e+00	2.555083435083e-03	7.151323791047e-03	3.977531406865e-03	1.081351026343e-02	6.334279007093e-03
6.000000000000e+00	3.060471577805e-03	7.184884912014e-03	4.940835164835e-03	1.079691008898e-02	7.421877997420e-03
7.000000000000e+00	3.541899877900e-03	7.210750533620e-03	5.874839234839e-03	1.077117968536e-02	8.472340670788e-03
8.000000000000e+00	4.002428978429e-03	7.234447707389e-03	6.765264957265e-03	1.073817604301e-02	9.474601306358e-03
9.000000000000e+00	4.454757292091e-03	7.268022818469e-03	7.611943019943e-03	1.070705495346e-02	1.043451536100e-02
1.000000000000e+01	4.904037986705e-03	7.300310565269e-03	8.427428571429e-03	1.068561715962e-02	1.136554980153e-02
1.100000000000e+01	5.358029032696e-03	7.330637538242e-03	9.221802197802e-03	1.065582246964e-02	1.228028708779e-02
1.200000000000e+01	5.821427757428e-03	7.353595909761e-03	1.000440211640e-02	1.060887418527e-02	1.318923665424e-02
1.300000000000e+01	6.273070139737e-03	7.366021213052e-03	1.077314014381e-02	1.055293049203e-02	1.408044613737e-02
1.400000000000e+01	6.706366029033e-03	7.388360448820e-03	1.150168606702e-02	1.049669048188e-02	1.492764866776e-02
1.500000000000e+01	7.108803690137e-03	7.417088586388e-03	1.220151404151e-02	1.045060780386e-02	1.573482451231e-02
1.600000000000e+01	7.478142992810e-03	7.454520126351e-03	1.285386080586e-02	1.041631548217e-02	1.648443669756e-02
1.700000000000e+01	7.813841269841e-03	7.481600186745e-03	1.346288102021e-02	1.038397480327e-02	1.717984781576e-02
1.800000000000e+01	8.137527065527e-03	7.503309434660e-03	1.404450739384e-02	1.035766980004e-02	1.784547547055e-02
1.900000000000e+01	8.456446072446e-03	7.514730782280e-03	1.460275566409e-02	1.033523939319e-02	1.848834605132e-02
2.000000000000e+01	8.779567494234e-03	7.523202171589e-03	1.515210853344e-02	1.031997666355e-02	1.912548492346e-02
2.100000000000e+01	9.108454212454e-03	7.537997950184e-03	1.570021543888e-02	1.030527146949e-02	1.976435347639e-02
2.200000000000e+01	9.438061592728e-03	7.563449495271e-03	1.624583041650e-02	1.029873263173e-02	2.040141923942e-02
2.300000000000e+01	9.761074481074e-03	7.597039710322e-03	1.678145597612e-02	1.029868033952e-02	2.102657010736e-02
2.400000000000e+01	1.006836304436e-02	7.624250411435e-03	1.729688563289e-02	1.029501898353e-02	2.162643323174e-02
2.500000000000e+01	1.035592022792e-02	7.652334994587e-03	1.779247537648e-02	1.029741364020e-02	2.219934730238e-02
2.600000000000e+01	1.062258255325e-02	7.677847421265e-03	1.826063220730e-02	1.030036930740e-02	2.273811324725e-02
2.700000000000e+01	1.088115262515e-02	7.699712247406e-03	1.871125437525e-02	1.031475993059e-02	2.325762879401e-02
2.800000000000e+01	1.113325844526e-02	7.722285780469e-03	1.914282675349e-02	1.033650202737e-02	2.375737208231e-02
2.900000000000e+01	1.139224094424e-02	7.741692228183e-03	1.957028354362e-02	1.035832545311e-02	2.425690567091e-02
3.000000000000e+01	1.165964129697e-02	7.760209387607e-03	2.000113525980e-02	1.036954943270e-02	2.476354298434e-02
3.100000000000e+01	1.193634947768e-02	7.788104719614e-03	2.043081047348e-02	1.037508850772e-02	2.527375729678e-02
3.200000000000e+01	1.221758567359e-02	7.829858818304e-03	2.085919196853e-02	1.037879129378e-02	2.578511519488e-02
3.300000000000e+01	1.248715235382e-02	7.876158514587e-03	2.127390259124e-02	1.038899208512e-02	2.627886178847e-02
3.400000000000e+01	1.274144620811e-02	7.912953343027e-03	2.167485117352e-02	1.040962820638e-02	2.675311924676e-02
3.500000000000e+01	1.298152652286e-02	7.943011941216e-03	2.204997313797e-02	1.043474227299e-02	2.719791956093e-02
3.600000000000e+01	1.320658146791e-02	7.974424600173e-03	2.241230986298e-02	1.047246345859e-02	2.762417845702e-02
3.700000000000e+01	1.342617066884e-02	8.012664771803e-03	2.275738108805e-02	1.052020109449e-02	2.803274795334e-02
3.800000000000e+01	1.364701017501e-02	8.054371113282e-03	2.309926142993e-02	1.056884685342e-02	2.843918530587e-02
3.900000000000e+01	1.387188278388e-02	8.098056542694e-03	2.344792294126e-02	1.061812730752e-02	2.885352766592e-02
4.000000000000e+01	1.410528177995e-02	8.135278013890e-03	2.379882024149e-02	1.066176713557e-02	2.927407933199e-02
4.100000000000e+01	1.434105548772e-02	8.166596748477e-03	2.415299525166e-02	1.070735392348e-02	2.969868191810e-02
4.200000000000e+01	1.457462379596e-02	8.191168024650e-03	2.450733089133e-02	1.075544413139e-02	3.012234355001e-02
4.300000000000e+01	1.480489702890e-02	8.216638431017e-03	2.485364808031e-02	1.081066031096e-02	3.053743580558e-02
4.400000000000e+01	1.502242409442e-02	8.245525055974e-03	2.518658526659e-02	1.086332692864e-02	3.093457776048e-02
4.500000000000e+01	1.522371021571e-02	8.280435067243e-03	2.550041188441e-02	1.091156753590e-02	3.130704931467e-02
4.600000000000e+01	1.540496106363e-02	8.332407582885e-03	2.578534690001e-02	1.096817731773e-02	3.164448089583e-02
4.700000000000e+01	1.554763044363e-02	8.388140839271e-03	2.602024365758e-02	1.103046334435e-02	3.191926200243e-02
4.800000000000e+01	1.563573355040e-02	8.438823078293e-03	2.619274236874e-02	1.110939518731e-02	3.211266637701e-02
4.900000000000e+01	1.565658065391e-02	8.484962866938e-03	2.626489105956e-02	1.120368906092e-02	3.218551818481e-02
5.000000000000e+01	1.558839126306e-02	8.522946649963e-03	2.622808954009e-02	1.129636868329e-02	3.211946785001e-02
5.100000000000e+01	1.541841921042e-02	8.569520972454e-03	2.604874019807e-02	1.140120292513e-02	3.187912862848e-02
5.200000000000e+01	1.515531244065e-02	8.595775611321e-03	2.573576014109e-02	1.151111048572e-02	3.147663204065e-02
5.300000000000e+01	1.481606294940e-02	8.616855675857e-03	2.529665554199e-02	1.163052432356e-02	3.092701991133e-02
5.400000000000e+01	1.441769746303e-02	8.619459842362e-03	2.476587491521e-02	1.175560763155e-02	3.026869238149e-02
5.500000000000e+01	1.399576719577e-02	8.631126714404e-03	2.417030850631e-02	1.187796252813e-02	2.954259191774e-02
5.600000000000e+01	1.356456817257e-02	8.649829150270e-03	2.355870953738e-02	1.199884414183e-02	2.879816510087e-02
5.700000000000e+01	1.315195875729e-02	8.673811852379e-03	2.294412372812e-02	1.212641879972e-02	2.806038318601e-02
5.800000000000e+01	1.275611124678e-02	8.690727595495e-03	2.235268593135e-02	1.226771081794e-02	2.735110744213e-02
5.900000000000e+01	1.237348745082e-02	8.693603115689e-03	2.177810120743e-02	1.241052950478e-02	2.666310488969e-02
6.000000000000e+01	1.200394844662e-02	8.682271984146e-03	2.121957943291e-02	1.254053193844e-02	2.599560374938e-02
6.100000000000e+01	1.163756559490e-02	8.673654736235e-03	2.065742395876e-02	1.265023363840e-02	2.532654431293e-02
6.200000000000e+01	1.126818287885e-02	8.664236105298e-03	2.009828137295e-02	1.272905942247e-02	2.465880435192e-02
6.300000000000e+01	1.091190231990e-02	8.669169335768e-03	1.953218396418e-02	1.278981914553e-02	2.399131640974e-02
6.400000000000e+01	1.055810500611e-02	8.676835237740e-03	1.897080558947e-02	1.283790702356e-02	2.332924055329e-02
6.500000000000e+01	1.022957861891e-02	8.695068330075e-03	1.842404449871e-02	1.288424765405e-02	2.269208460351e-02
6.600000000000e+01	9.913563966897e-03	8.697491955883e-03	1.789891629358e-02	1.292806803134e-02	2.207994709049e-02
6.700000000000e+01	9.616976800977e-03	8.683259331141e-03	1.739889404423e-02	1.296048298464e-02	2.149914931333e-02
6.800000000000e+01	9.333609008276e-03	8.643997524423e-03	1.693527391127e-02	1.297454976521e-02	2.095672767909e-02
6.900000000000e+01	9.054417582418e-03	8.603976198186e-03	1.647947686881e-02	1.297979884078e-02	2.042322403509e-02
7.000000000000e+01	8.781264957265e-03	8.568371843401e-03	1.603665608466e-02	1.297303376930e-02	1.990406886814e-02
7.100000000000e+01	8.510152760819e-03	8.532168023610e-03	1.559375281509e-02	1.295966477922e-02	1.938585109234e-02
7.200000000000e+01	8.243850766517e-03	8.485510069128e-03	1.514567467101e-02	1.293488484518e-02	1.886533994608e-02
7.300000000000e+01	7.980040700041e-03	8.443667933172e-03	1.468622656356e-02	1.291540259499e-02	1.833594559026e-02
7.400000000000e+01	7.722894586895e-03	8.403296582663e-03	1.422934418668e-02	1.289640823691e-02	1.781193065388e-02
7.500000000000e+01	7.462930945598e-03	8.383259801626e-03	1.377158051825e-02	1.287347785620e-02	1.728584969155e-02
7.600000000000e+01	7.206457739791e-03	8.357332416364e-03	1.332068918736e-02	1.284136846271e-02	1.676749831290e-02
7.700000000000e+01	6.949155338489e-03	8.323745189354e-03	1.288177994845e-02	1.280051468283e-02	1.625943560099e-02
7.800000000000e+01	6.696007597341e-03	8.272406026615e-03	1.245813485280e-02	1.275557753557e-02	1.576689322560e-02
7.900000000000e+01	6.450895672229e-03	8.220493444220e-03	1.204482648216e-02	1.270403409462e-02	1.528727587973e-02
8.000000000000e+01	6.212135124135e-03	8.179813235276e-03	1.163911979379e-02	1.265243267279e-02	1.481737328472e-02
8.100000000000e+01	5.986750237417e-03	8.144880028013e-03	1.123632180166e-02	1.259054221983e-02	1.435617055834e-02
8.200000000000e+01	5.769474969475e-03	8.102210868907e-03	1.083806050739e-02	1.252437898434e-02	1.390270229220e-02
8.300000000000e+01	5.564060236060e-03	8.052326172971e-03	1.044065445665e-02	1.246198699837e-02	1.345536283679e-02
8.400000000000e+01	5.361957943291e-03	8.000967558956e-03	1.005055921856e-02	1.240205313120e-02	1.301604335135e-02
8.500000000000e+01	5.166324243658e-03	7.958180330460e-03	9.668039614706e-03	1.233988426854e-02	1.258640418931e-02
8.600000000000e+01	4.974063763397e-03	7.923562607720e-03	9.307491520825e-03	1.228017115734e-02	1.217789888369e-02
8.700000000000e+01	4.783387871388e-03	7.897106704596e-03	8.966852801519e-03	1.223018553004e-02	1.178789760613e-02
8.800000000000e+01	4.596762447429e-03	7.873392031334e-03	8.638994980328e-03	1.218262497029e-02	1.141116358723e-02
8.900000000000e+01	4.409199294533e-03	7.830474353013e-03	8.318738841405e-03	1.213687095780e-02	1.104085113902e-02
9.000000000000e+01	4.228234974902e-03	7.783919416134e-03	8.001347985348e-03	1.207764638008e-02	1.067609225774e-02
9.100000000000e+01	4.048269162936e-03	7.737203555306e-03	7.677197666531e-03	1.200835522632e-02	1.030575498459e-02
9.200000000000e+01	3.872913851581e-03	7.700466800382e-03	7.353546601547e-03	1.194280157381e-02	9.937930501234e-03
9.300000000000e+01	3.707139872473e-03	7.679818841454e-03	7.029843440510e-03	1.187850365783e-02	9.574298757513e-03
9.400000000000e+01	3.543532220866e-03	7.662063310119e-03	6.717679555013e-03	1.181995662581e-02	9.221986792535e-03
9.500000000000e+01	3.388594220594e-03	7.633045180424e-03	6.412652828653e-03	1.175940919693e-02	8.879903595754e-03
9.600000000000e+01	3.239239180573e-03	7.594029270142e-03	6.132310948311e-03	1.170408812625e-02	8.562457403545e-03
9.700000000000e+01	3.100042870710e-03	7.551540126845e-03	5.859397096730e-03	1.165340409076e-02	8.256148105897e-03
9.800000000000e+01	2.961732193732e-03	7.513257812411e-03	5.603080179080e-03	1.160912650851e-02	7.965162121304e-03
9.900000000000e+01	2.832516619183e-03	7.483819881154e-03	5.343177316511e-03	1.157043857398e-02	7.674925695903e-03
1.000000000000e+02	2.701291005291e-03	7.460299110079e-03	5.081342558676e-03	1.152729089932e-02	7.382076247981e-03
1.010000000000e+02	2.568389635056e-03	7.441442616582e-03	4.815292361959e-03	1.148404270324e-02	7.084704413501e-03
1.020000000000e+02	2.425906932574e-03	7.416418816738e-03	4.546329127662e-03	1.145436224086e-02	6.780554297785e-03
1.030000000000e+02	2.283276624610e-03	7.390544708146e-03	4.277978021978e-03	1.143492981541e-02	6.476913553156e-03
1.040000000000e+02	2.143884954552e-03	7.362670765111e-03	4.024131325465e-03	1.141449868414e-02	6.187788153256e-03
1.050000000000e+02	2.006889702890e-03	7.342885501407e-03	3.781958485958e-03	1.139181812596e-02	5.910290677507e-03
1.060000000000e+02	1.881689865690e-03	7.328814333539e-03	3.551741690408e-03	1.135370373909e-02	5.648690932677e-03
1.070000000000e+02	1.768997422331e-03	7.318144910192e-03	3.334110432777e-03	1.130814677290e-02	5.403820981863e-03
1.080000000000e+02	1.667318952652e-03	7.291913445220e-03	3.126516347850e-03	1.125311906629e-02	5.172710416793e-03
1.090000000000e+02	1.578616741283e-03	7.270388391404e-03	2.923862705196e-03	1.121523530370e-02	4.951551525721e-03
1.100000000000e+02	1.492879663546e-03	7.246718668833e-03	2.725793515127e-03	1.118602541091e-02	4.735806533685e-03
1.110000000000e+02	1.409183014516e-03	7.240227857198e-03	2.530485415819e-03	1.117027650536e-02	4.523435787671e-03
1.120000000000e+02	1.330834893502e-03	7.243555825785e-03	2.344393976394e-03	1.114842966436e-02	4.321693685577e-03
1.130000000000e+02	1.252425993759e-03	7.239595655793e-03	2.165760955094e-03	1.112908657597e-02	4.126683461381e-03
1.140000000000e+02	1.169636684303e-03	7.222664322183e-03	2.000746710080e-03	1.110324379795e-02	3.942117921649e-03
1.150000000000e+02	1.091905033238e-03	7.201630094667e-03	1.842526658527e-03	1.108292855706e-02	3.765858288903e-03
1.160000000000e+02	1.011438339438e-03	7.175633902974e-03	1.694187491521e-03	1.107571984282e-02	3.597388149807e-03
1.170000000000e+02	9.350611857279e-04	7.155438494072e-03	1.549686067019e-03	1.107189317328e-02	3.434149190820e-03
1.180000000000e+02	8.666851173518e-04	7.140289930526e-03	1.409100529101e-03	1.107801578206e-02	3.277843490302e-03
1.190000000000e+02	8.026460453127e-04	7.135000921525e-03	1.262528286528e-03	1.108394733586e-02	3.117933307945e-03
1.200000000000e+02	7.360629493963e-04	7.133823838860e-03	1.117445122778e-03	1.108158829766e-02	2.958303160041e-03
1.210000000000e+02	6.698228191562e-04	7.130310943706e-03	9.735384615385e-04	1.106598953038e-02	2.799884578777e-03
1.220000000000e+02	5.988028761362e-04	7.119440394292e-03	8.275696649030e-04	1.103654617021e-02	2.637580887672e-03
1.230000000000e+02	5.234806674807e-04	7.105440832452e-03	6.875745489079e-04	1.100982349987e-02	2.478903318241e-03
1.240000000000e+02	4.531162664496e-04	7.100847311932e-03	5.571260344594e-04	1.099751888399e-02	2.331008519297e-03
1.250000000000e+02	3.883869217203e-04	7.098217647980e-03	4.372139465473e-04	1.099827482471e-02	2.195077690415e-03
1.260000000000e+02	3.265272011939e-04	7.106461186901e-03	3.283028083028e-04	1.101629774111e-02	2.070411299277e-03
1.270000000000e+02	2.674633021300e-04	7.104112327573e-03	2.231339031339e-04	1.103448371510e-02	1.950367528206e-03
1.280000000000e+02	2.145337132004e-04	7.094626079021e-03	1.209040835708e-04	1.105699284738e-02	1.835520491396e-03
1.290000000000e+02	1.596635463302e-04	7.077650235896e-03	7.443223443224e-06	1.106023181183e-02	1.709617081664e-03
1.300000000000e+02	1.034562474562e-04	7.065892949494e-03	-1.080059693393e-04	1.104211118891e-02	1.581382192521e-03
1.310000000000e+02	4.009442409442e-05	7.060531025414e-03	-2.284911138244e-04	1.101045243786e-02	1.445784164434e-03
1.320000000000e+02	-1.840075973409e-05	7.053547938985e-03	-3.469705603039e-04	1.098499876426e-02	1.313977335550e-03
1.330000000000e+02	-7.262406729073e-05	7.054747358091e-03	-4.633097273097e-04	1.097921011706e-02	1.185809127557e-03
1.340000000000e+02	-1.246289512956e-04	7.048107833000e-03	-5.656654456654e-04	1.098953408260e-02	1.071522364899e-03
1.350000000000e+02	-1.606229819563e-04	7.040794960972e-03	-6.592169312169e-04	1.100630949988e-02	9.712857021139e-04
1.360000000000e+02	-1.833759327093e-04	7.037283850913e-03	-7.305277438611e-04	1.101885344951e-02	8.965840537412e-04
1.370000000000e+02	-2.024344051011e-04	7.033781623637e-03	-7.944539411206e-04	1.102655650958e-02	8.301390627202e-04
1.380000000000e+02	-2.161052774386e-04	7.038230437841e-03	-8.476874236874e-04	1.102660474127e-02	7.756782195763e-04
1.390000000000e+02	-2.306487586488e-04	7.041868021523e-03	-9.044417311084e-04	1.101607918159e-02	7.177117095463e-04
1.400000000000e+02	-2.577473884141e-04	7.043288566926e-03	-9.623768823769e-04	1.100995828934e-02	6.537953196150e-04
1.410000000000e+02	-2.860138380138e-04	7.042076339984e-03	-1.026459367793e-03	1.102145137257e-02	5.837661677999e-04
1.420000000000e+02	-3.238876678877e-04	7.038170947098e-03	-1.094996065663e-03	1.104615852400e-02	5.059853597919e-04
1.430000000000e+02	-3.643011803012e-04	7.033626516661e-03	-1.164466151133e-03	1.106242100665e-02	4.266370095466e-04
1.440000000000e+02	-4.018624338624e-04	7.025848647286e-03	-1.234917378917e-03	1.105547804675e-02	3.477158358999e-04
1.450000000000e+02	-4.323256003256e-04	7.023334718679e-03	-1.299420974088e-03	1.103054242369e-02	2.770212401056e-04
1.460000000000e+02	-4.583302129969e-04	7.019030057304e-03	-1.360998507665e-03	1.100435020870e-02	2.106975289806e-04
1.470000000000e+02	-4.834926061593e-04	7.021310811887e-03	-1.414574955908e-03	1.099139652699e-02	1.528696634203e-04
1.480000000000e+02	-5.104088997422e-04	7.018355666250e-03	-1.460310948311e-03	1.098397759374e-02	1.045048324478e-04
1.490000000000e+02	-5.329795143128e-04	7.017020163938e-03	-1.503654863655e-03	1.098398734286e-02	6.472647548122e-05
1.500000000000e+02	-5.576209469543e-04	7.010133888029e-03	-1.544055352055e-03	1.098770285177e-02	5.033036249256e-05
1.510000000000e+02	-5.863692850360e-04	6.995579205365e-03	-1.584811830145e-03	1.099485354955e-02	7.723720696265e-05
1.520000000000e+02	-6.065391398725e-04	6.986354034722e-03	-1.626045855379e-03	1.099938652091e-02	1.128353780306e-04
1.530000000000e+02	-6.247814407814e-04	6.977621967813e-03	-1.673049518383e-03	1.099575462582e-02	1.564881828250e-04
1.540000000000e+02	-6.376187762854e-04	6.976391760902e-03	-1.716692986026e-03	1.099113665191e-02	1.972507359693e-04
1.550000000000e+02	-6.473086419753e-04	6.983208971420e-03	-1.764786324786e-03	1.098963984028e-02	2.415845367906e-04
1.560000000000e+02	-6.593601953602e-04	6.991310596174e-03	-1.812037444037e-03	1.100342657800e-02	2.879348058708e-04
1.570000000000e+02	-6.772986026319e-04	7.003313151226e-03	-1.857187355854e-03	1.101895086475e-02	3.359862660681e-04
1.580000000000e+02	-6.943470356804e-04	7.002799230772e-03	-1.904850902184e-03	1.102389413363e-02	3.859599614272e-04
1.590000000000e+02	-7.162577669244e-04	7.004505175666e-03	-1.953122235789e-03	1.101728815732e-02	4.388677886639e-04
1.600000000000e+02	-7.403956043956e-04	7.000823402974e-03	-1.990935286935e-03	1.100786384872e-02	4.835866664029e-04
1.610000000000e+02	-7.571792158459e-04	6.993059917954e-03	-2.026226020893e-03	1.100283451756e-02	5.226225748957e-04
1.620000000000e+02	-7.725475512142e-04	6.987246878749e-03	-2.046925518926e-03	1.100128743060e-02	5.481281136541e-04
1.630000000000e+02	-7.788945868946e-04	6.978059009097e-03	-2.061681725682e-03	1.100589489390e-02	5.641287970957e-04
1.640000000000e+02	-7.814342694343e-04	6.968423400919e-03	-2.064382037715e-03	1.100654147988e-02	5.677105865349e-04
1.650000000000e+02	-7.858754578755e-04	6.965438948022e-03	-2.067941934609e-03	1.099925271507e-02	5.729571174863e-04
1.660000000000e+02	-7.903644010311e-04	6.971352163791e-03	-2.070768145435e-03	1.099030960093e-02	5.775922745342e-04
1.670000000000e+02	-7.996895943563e-04	6.981208039435e-03	-2.081504273504e-03	1.098511202712e-02	5.915024287546e-04
1.680000000000e+02	-8.112462352462e-04	6.996079948891e-03	-2.097784289784e-03	1.099595511552e-02	6.113527777728e-04
1.690000000000e+02	-8.225988332655e-04	7.003409875791e-03	-2.121969881970e-03	1.101766795802e-02	6.380019643984e-04
1.700000000000e+02	-8.276651743318e-04	7.006590401812e-03	-2.142981956315e-03	1.104043017208e-02	6.588456058876e-04
1.710000000000e+02	-8.288503595170e-04	7.003746917020e-03	-2.163911545245e-03	1.105285802076e-02	6.778404747881e-04
1.720000000000e+02	-8.271702618369e-04	6.996651282553e-03	-2.168413512414e-03	1.105674389526e-02	6.810430519555e-04
1.730000000000e+02	-8.214136480803e-04	6.988916631781e-03	-2.171391670058e-03	1.105115931575e-02	6.810474408227e-04
1.740000000000e+02	-8.152402659069e-04	6.992468301695e-03	-2.163768281102e-03	1.103408024825e-02	6.714538373628e-04
1.750000000000e+02	-8.115935422602e-04	6.983514133506e-03	-2.155194139194e-03	1.101243137407e-02	6.621574966440e-04
1.760000000000e+02	-8.126224392891e-04	6.971588805926e-03	-2.146980328314e-03	1.098996584469e-02	6.553162579530e-04
1.770000000000e+02	-8.157134717135e-04	6.952798196265e-03	-2.145517297517e-03	1.097814090517e-02	6.554445216607e-04
1.780000000000e+02	-8.191170804504e-04	6.946007064691e-03	-2.143290191290e-03	1.099136561330e-02	6.550621977773e-04
1.790000000000e+02	-8.243397096730e-04	6.950662366873e-03	-2.148829738163e-03	1.100577617524e-02	6.624076228472e-04
1.800000000000e+02	-8.273916700583e-04	6.965140502171e-03	-2.150527201194e-03	1.102335003891e-02	6.653470398174e-04
1.810000000000e+02	-8.285681725682e-04	6.980244841082e-03	-2.156678876679e-03	1.102365135912e-02	6.713232434728e-04
1.820000000000e+02	-8.215308641975e-04	6.984562370800e-03	-2.154460453127e-03	1.101630867060e-02	6.660664023837e-04
1.830000000000e+02	-8.127874101207e-04	6.982569633895e-03	-2.153991588658e-03	1.101693188851e-02	6.616278302197e-04
1.840000000000e+02	-8.092969746303e-04	6.972621086861e-03	-2.150127798128e-03	1.102663262285e-02	6.566004463620e-04
1.850000000000e+02	-8.037574277574e-04	6.959915554048e-03	-2.147414462081e-03	1.104721881862e-02	6.516820515418e-04
1.860000000000e+02	-8.129176502510e-04	6.950533579763e-03	-2.143919685253e-03	1.105536420753e-02	6.527348879827e-04
1.870000000000e+02	-8.184137837471e-04	6.944313885277e-03	-2.144319088319e-03	1.105787190840e-02	6.556417619696e-04
1.880000000000e+02	-8.265581332248e-04	6.948135297176e-03	-2.148803690137e-03	1.105172956110e-02	6.634343898616e-04
1.890000000000e+02	-8.326707366707e-04	6.958657092874e-03	-2.155971238638e-03	1.104807769850e-02	6.726469765050e-04
1.900000000000e+02	-8.283988603989e-04	6.970062546637e-03	-2.165878171212e-03	1.104054190706e-02	6.793687400853e-04
1.910000000000e+02	-8.237970424637e-04	6.981153273784e-03	-2.170948853616e-03	1.104015185730e-02	6.817406387848e-04
1.920000000000e+02	-8.132779812780e-04	6.989706465221e-03	-2.169086419753e-03	1.103788982699e-02	6.753237066543e-04
1.930000000000e+02	-7.981744675078e-04	7.003877643193e-03	-2.162014380681e-03	1.105202447415e-02	6.623334011880e-04
1.940000000000e+02	-7.871387871388e-04	7.014725087417e-03	-2.140294668295e-03	1.106389318246e-02	6.379775331585e-04
1.950000000000e+02	-7.758122371456e-04	7.022727712310e-03	-2.121709401709e-03	1.106554094400e-02	6.163277069210e-04
1.960000000000e+02	-7.709195495862e-04	7.016730834749e-03	-2.101352869353e-03	1.105250020764e-02	5.958533283781e-04
1.970000000000e+02	-7.684970831637e-04	7.010718069210e-03	-2.086535883869e-03	1.103963747201e-02	5.814731643928e-04
1.980000000000e+02	-7.679500746167e-04	7.003353851920e-03	-2.078200515534e-03	1.103785086849e-02	5.737615763246e-04
1.990000000000e+02	-7.672120472120e-04	7.003038833882e-03	-2.078773572107e-03	1.104801494052e-02	5.739455440148e-04
2.000000000000e+02	-7.705765839099e-04	6.997410954511e-03	-2.080523131190e-03	1.105613574985e-02	5.770140397065e-04
2.010000000000e+02	-7.668603988604e-04	6.992627431053e-03	-2.079142585809e-03	1.106532078817e-02	5.741196875538e-04
2.020000000000e+02	-7.650283543617e-04	6.980728881105e-03	-2.076911138244e-03	1.106473338305e-02	5.713069605305e-04
2.030000000000e+02	-7.655840455840e-04	6.973634792213e-03	-2.073442409442e-03	1.106191774368e-02	5.684476689227e-04
2.040000000000e+02	-7.636781983449e-04	6.973254131428e-03	-2.061742504409e-03	1.104621208921e-02	5.571389673002e-04
2.050000000000e+02	-7.666389906390e-04	6.973676727034e-03	-2.048010853344e-03	1.102512633529e-02	5.463015386556e-04
2.060000000000e+02	-7.719137159137e-04	6.967399320067e-03	-2.036840591507e-03	1.100723542033e-02	5.389728118905e-04
2.070000000000e+02	-7.697647537648e-04	6.969460404226e-03	-2.021975851309e-03	1.099214539035e-02	5.249436805722e-04
2.080000000000e+02	-7.670514177181e-04	6.973166390743e-03	-2.017100529101e-03	1.099634127515e-02	5.193642672495e-04
2.090000000000e+02	-7.616638176638e-04	6.977329583524e-03	-2.018246642247e-03	1.100501843726e-02	5.177408699526e-04
2.100000000000e+02	-7.522604802605e-04	6.981114693219e-03	-2.016779270113e-03	1.101387415954e-02	5.119724020960e-04
2.110000000000e+02	-7.443462216796e-04	6.979213113368e-03	-2.012607244607e-03	1.101243591874e-02	5.045967282650e-04
2.120000000000e+02	-7.389195495862e-04	6.975535029818e-03	-2.005222629223e-03	1.100250562554e-02	4.955440638474e-04
2.130000000000e+02	-7.397530864198e-04	6.969244545594e-03	-1.994499525166e-03	1.099981089476e-02	4.864288554002e-04
2.140000000000e+02	-7.379514312848e-04	6.963097117430e-03	-1.975532220866e-03	1.099749378435e-02	4.688862486889e-04
2.150000000000e+02	-7.399484466151e-04	6.958988030771e-03	-1.957150997151e-03	1.099146295066e-02	4.538725481337e-04
2.160000000000e+02	-7.398876678877e-04	6.961956952105e-03	-1.938982498982e-03	1.098781298329e-02	4.382305860601e-04
2.170000000000e+02	-7.357937864605e-04	6.970056132825e-03	-1.925971509972e-03	1.098959505429e-02	4.250029557092e-04
2.180000000000e+02	-7.242762176095e-04	6.973255320113e-03	-1.916728802062e-03	1.100100534884e-02	4.111068552053e-04
2.190000000000e+02	-7.110915750916e-04	6.975560731344e-03	-1.909912901913e-03	1.101840376746e-02	3.985324485779e-04
2.200000000000e+02	-6.873401166734e-04	6.978494482770e-03	-1.902228734229e-03	1.102479395362e-02	3.803670898978e-04
2.210000000000e+02	-6.687244607245e-04	6.986489509972e-03	-1.891770451770e-03	1.101478420040e-02	3.626851895046e-04
2.220000000000e+02	-6.493881427215e-04	6.994315934447e-03	-1.877383258717e-03	1.099832790726e-02	3.415308578444e-04
2.230000000000e+02	-6.484938271605e-04	7.009248322661e-03	-1.863547415547e-03	1.099094809957e-02	3.285420694522e-04
2.240000000000e+02	-6.504561117894e-04	7.010314470278e-03	-1.849168905169e-03	1.099220963393e-02	3.163798170656e-04
2.250000000000e+02	-6.619693393027e-04	7.010263330030e-03	-1.840164970832e-03	1.099871171394e-02	3.136599474994e-04
2.260000000000e+02	-6.707041107041e-04	7.003008966952e-03	-1.834560303894e-03	1.100082427568e-02	3.130936672139e-04
2.270000000000e+02	-6.792522045855e-04	6.992963241858e-03	-1.833544430878e-03	1.100206260817e-02	3.166557785750e-04
2.280000000000e+02	-6.808671822005e-04	6.987124166744e-03	-1.835997286664e-03	1.099470156569e-02	3.195916498837e-04
2.290000000000e+02	-6.811754171754e-04	6.981030417005e-03	-1.840690272690e-03	1.099478683524e-02	3.237446084257e-04
2.300000000000e+02	-6.755620675621e-04	6.978572148661e-03	-1.849216659883e-03	1.099902192613e-02	3.282033935318e-04
2.310000000000e+02	-6.730701397368e-04	6.982971899603e-03	-1.855546330213e-03	1.101421171319e-02	3.324873743722e-04
2.320000000000e+02	-6.761221001221e-04	6.991235844596e-03	-1.857543345543e-03	1.103034998127e-02	3.357185662743e-04
2.330000000000e+02	-6.854993894994e-04	7.000347251129e-03	-1.852776556777e-03	1.104635228494e-02	3.363170873324e-04
2.340000000000e+02	-6.865109211776e-04	7.004275716510e-03	-1.838554334554e-03	1.105936731669e-02	3.247657811081e-04
2.350000000000e+02	-6.815053588387e-04	7.013211697373e-03	-1.819374304708e-03	1.106746514742e-02	3.059663377375e-04
2.360000000000e+02	-6.663540903541e-04	7.020343428361e-03	-1.796938271605e-03	1.107134347125e-02	2.788940523959e-04
2.370000000000e+02	-6.456762990096e-04	7.026721766919e-03	-1.769670329670e-03	1.106879474563e-02	2.447458038592e-04
2.380000000000e+02	-6.173577533578e-04	7.021080533335e-03	-1.747038936372e-03	1.105473156509e-02	2.106127952320e-04
2.390000000000e+02	-5.920564373898e-04	7.003448090931e-03	-1.729265499932e-03	1.102979096899e-02	1.830106310990e-04
2.400000000000e+02	-5.758241758242e-04	6.991697851373e-03	-1.722349749016e-03	1.100787462556e-02	1.700675216176e-04
2.410000000000e+02	-5.725855379189e-04	6.983241156122e-03	-1.722788224122e-03	1.098586048921e-02	1.692834573333e-04
2.420000000000e+02	-5.779861619862e-04	6.979564650065e-03	-1.727537647538e-03	1.099216103399e-02	1.756876796903e-04
2.430000000000e+02	-5.898249898250e-04	6.971228423379e-03	-1.730628679962e-03	1.100485712801e-02	1.832751535323e-04
2.440000000000e+02	-5.932546465880e-04	6.972479258179e-03	-1.724090625424e-03	1.102441262847e-02	1.789173180175e-04
2.450000000000e+02	-5.971661918329e-04	6.981314072303e-03	-1.707797585131e-03	1.103230717321e-02	1.665509492071e-04
2.460000000000e+02	-5.902764889432e-04	6.991124584341e-03	-1.688630579297e-03	1.102448733563e-02	1.466148561185e-04
2.470000000000e+02	-5.834432234432e-04	6.999981400988e-03	-1.673184099851e-03	1.100724735304e-02	1.299345319676e-04
2.480000000000e+02	-5.751946818613e-04	6.998311476739e-03	-1.666203228870e-03	1.099516285574e-02	1.196000974242e-04
2.490000000000e+02	-5.740702754036e-04	6.988908950549e-03	-1.672155202822e-03	1.098934988410e-02	1.241179049347e-04
2.500000000000e+02	-5.795143128476e-04	6.984177061632e-03	-1.685526522860e-03	1.099063118870e-02	1.384298181321e-04
2.510000000000e+02	-5.835517568851e-04	6.986315715556e-03	-1.704098765432e-03	1.099877448079e-02	1.567008494762e-04
2.520000000000e+02	-5.921953601954e-04	6.985342128631e-03	-1.718498982499e-03	1.100407213184e-02	1.734642452559e-04
2.530000000000e+02	-5.925209605210e-04	6.984350521491e-03	-1.722562474562e-03	1.102104201047e-02	1.772227119337e-04
2.540000000000e+02	-5.879017772351e-04	6.980371001540e-03	-1.715655406322e-03	1.104333827263e-02	1.689723344318e-04
2.550000000000e+02	-5.795056301723e-04	6.977933572159e-03	-1.698394247728e-03	1.104870775073e-02	1.497798021179e-04
2.560000000000e+02	-5.728199701533e-04	6.979160706612e-03	-1.678037715371e-03	1.103546973521e-02	1.286412923538e-04
2.570000000000e+02	-5.712874779541e-04	6.978545807213e-03	-1.656687016687e-03	1.100343427888e-02	1.094739546932e-04
2.580000000000e+02	-5.768574141907e-04	6.972724727608e-03	-1.644939356939e-03	1.097143149316e-02	1.032369563216e-04
2.590000000000e+02	-5.886007326007e-04	6.968001227966e-03	-1.635913715914e-03	1.094988379706e-02	1.046875431949e-04
2.600000000000e+02	-5.980995794329e-04	6.977772367158e-03	-1.632475376475e-03	1.096688961787e-02	1.096914000011e-04
2.610000000000e+02	-6.050544023877e-04	6.995403812917e-03	-1.635240808574e-03	1.100021626979e-02	1.168902504441e-04
2.620000000000e+02	-6.013903133903e-04	7.010194854778e-03	-1.638205942206e-03	1.103874813787e-02	1.158430773295e-04
2.630000000000e+02	-5.933544973545e-04	7.016331289037e-03	-1.643037851038e-03	1.105746109759e-02	1.130330646854e-04
2.640000000000e+02	-5.785071225071e-04	7.008864709816e-03	-1.647405236739e-03	1.105051096929e-02	1.061914450234e-04
2.650000000000e+02	-5.614456654457e-04	7.005628763914e-03	-1.652719034052e-03	1.102984358921e-02	1.009773817902e-04
2.660000000000e+02	-5.532448785782e-04	7.000998475106e-03	-1.659139872473e-03	1.100580047202e-02	1.030487949713e-04
2.670000000000e+02	-5.528498168498e-04	7.001767375912e-03	-1.666020892688e-03	1.099853662474e-02	1.092336950881e-04
2.680000000000e+02	-5.548207841541e-04	6.998048095457e-03	-1.678810473477e-03	1.100046579932e-02	1.218620900485e-04
2.690000000000e+02	-5.653485280152e-04	6.992042315790e-03	-1.687805725139e-03	1.100415158606e-02	1.341625903421e-04
2.700000000000e+02	-5.756288156288e-04	6.989464790394e-03	-1.698333469000e-03	1.100542239002e-02	1.480120585881e-04
2.710000000000e+02	-5.811987518654e-04	6.988129034453e-03	-1.705140686474e-03	1.100198747045e-02	1.565701896982e-04
2.720000000000e+02	-5.831306471306e-04	6.989025859771e-03	-1.708487857821e-03	1.100526305211e-02	1.604271458296e-04
2.730000000000e+02	-5.819541446208e-04	6.993358130001e-03	-1.706486501153e-03	1.101093478032e-02	1.581114414646e-04
2.740000000000e+02	-5.802045855379e-04	6.994849273149e-03	-1.696275674942e-03	1.101082287532e-02	1.482148059213e-04
2.750000000000e+02	-5.805432098765e-04	6.988152547549e-03	-1.683941934609e-03	1.099832366830e-02	1.375616623534e-04
2.760000000000e+02	-5.763060643061e-04	6.981399461121e-03	-1.662413241080e-03	1.099189721126e-02	1.170136074060e-04
2.770000000000e+02	-5.772307692308e-04	6.982099592303e-03	-1.647678741012e-03	1.099385501649e-02	1.056084408857e-04
2.780000000000e+02	-5.756374983042e-04	6.994192749863e-03	-1.635505630172e-03	1.101114211965e-02	9.527670307940e-05
2.790000000000e+02	-5.712440645774e-04	7.010854202337e-03	-1.634463709130e-03	1.102543223037e-02	9.159420288275e-05
2.800000000000e+02	-5.644455297789e-04	7.026533643154e-03	-1.639004748338e-03	1.103156874613e-02	9.099595349198e-05
2.810000000000e+02	-5.628001628002e-04	7.026243530823e-03	-1.648581739248e-03	1.102240287173e-02	9.809446618926e-05
2.820000000000e+02	-5.643456790123e-04	7.017359008975e-03	-1.655210961878e-03	1.101345622897e-02	1.045816709412e-04
2.830000000000e+02	-5.700067833401e-04	6.997256181881e-03	-1.657108126441e-03	1.100414856402e-02	1.091388759174e-04
2.840000000000e+02	-5.776128069461e-04	6.992883048957e-03	-1.652098222765e-03	1.099943624244e-02	1.093404775098e-04
2.850000000000e+02	-5.900290326957e-04	6.992486815149e-03	-1.644687559354e-03	1.099159648636e-02	1.118290773765e-04
2.860000000000e+02	-5.941402794736e-04	7.000672321279e-03	-1.630135395469e-03	1.099485192553e-02	1.051334476221e-04
2.870000000000e+02	-5.921606294940e-04	7.000932595414e-03	-1.614050739384e-03	1.098896298201e-02	9.427602084280e-05
2.880000000000e+02	-5.771699905033e-04	6.995701578720e-03	-1.598065934066e-03	1.098489424382e-02	7.337312078360e-05
2.890000000000e+02	-5.592229005562e-04	6.990134977642e-03	-1.583288020621e-03	1.097971355542e-02	5.092683502815e-05
2.900000000000e+02	-5.321633428300e-04	6.992858463845e-03	-1.571896350563e-03	1.098819226397e-02	2.159259904993e-05
2.910000000000e+02	-5.172378239045e-04	6.999689724499e-03	-1.564685388685e-03	1.100346241932e-02	5.471435941770e-06
2.920000000000e+02	-5.067969067969e-04	7.000781364642e-03	-1.567919685253e-03	1.101331255569e-02	5.865007412809e-06
2.930000000000e+02	-5.157183557184e-04	6.990615262974e-03	-1.573506986840e-03	1.101539641967e-02	9.555003145296e-06
2.940000000000e+02	-5.348983855651e-04	6.979132739788e-03	-1.587598968932e-03	1.100770611845e-02	3.247311410436e-05
2.950000000000e+02	-5.602735042735e-04	6.969995737332e-03	-1.603292904626e-03	1.099883453043e-02	6.191912725661e-05
2.960000000000e+02	-5.821321394655e-04	6.976297946216e-03	-1.622030118030e-03	1.098496719457e-02	9.069531594076e-05
2.970000000000e+02	-5.955251661918e-04	6.987323920159e-03	-1.629953059286e-03	1.098010793655e-02	1.061099560012e-04
2.980000000000e+02	-5.957161850495e-04	6.992229324112e-03	-1.629162935830e-03	1.098684829036e-02	1.057782354645e-04
2.990000000000e+02	-5.847022113689e-04	7.000245322986e-03	-1.625216659883e-03	1.101160296462e-02	9.470359474036e-05
3.000000000000e+02	-5.611157237824e-04	7.000424267501e-03	-1.611767195767e-03	1.105101681671e-02	6.812113257226e-05
3.010000000000e+02	-5.392744539411e-04	7.006617351191e-03	-1.601951431285e-03	1.108844865383e-02	4.622047354383e-05
3.020000000000e+02	-5.205025098358e-04	7.005819173729e-03	-1.588284900285e-03	1.109680828044e-02	2.505016092268e-05
3.030000000000e+02	-5.107822547823e-04	7.000864994430e-03	-1.582502238502e-03	1.107548301769e-02	1.772271282292e-05
3.040000000000e+02	-5.115029168363e-04	6.996988867522e-03	-1.582246099579e-03	1.103809946657e-02	1.744116404238e-05
3.050000000000e+02	-5.206631393298e-04	6.986131398222e-03	-1.587581603582e-03	1.100854344912e-02	2.445021837652e-05
3.060000000000e+02	-5.324889431556e-04	6.974915045018e-03	-1.592270248270e-03	1.098878393657e-02	3.440350692851e-05
3.070000000000e+02	-5.407982634649e-04	6.970517740606e-03	-1.594358431692e-03	1.099364530493e-02	4.142537485464e-05
3.080000000000e+02	-5.482523402523e-04	6.969579338467e-03	-1.588519332519e-03	1.099676508216e-02	4.351325588373e-05
3.090000000000e+02	-5.471105684439e-04	6.964959603512e-03	-1.580874236874e-03	1.099968023069e-02	3.882361993181e-05
3.100000000000e+02	-5.475403608737e-04	6.960954497770e-03	-1.573763125763e-03	1.098750238902e-02	3.687673615738e-05
3.110000000000e+02	-5.463030796364e-04	6.952443541801e-03	-1.568280016280e-03	1.097616945843e-02	3.470953771134e-05
3.120000000000e+02	-5.444363044363e-04	6.949637469278e-03	-1.567932709266e-03	1.096853339479e-02	3.281776347862e-05
3.130000000000e+02	-5.444015737349e-04	6.952826474353e-03	-1.575447564781e-03	1.097672327996e-02	3.432477197995e-05
3.140000000000e+02	-5.388750508751e-04	6.958713197896e-03	-1.588076516077e-03	1.099219481003e-02	3.572505105346e-05
3.150000000000e+02	-5.344989824990e-04	6.963467202901e-03	-1.602524487858e-03	1.100875130190e-02	4.403773847438e-05
3.160000000000e+02	-5.248264821598e-04	6.961833623775e-03	-1.611111653778e-03	1.101769036544e-02	4.811087961294e-05
3.170000000000e+02	-5.167559354226e-04	6.957869005120e-03	-1.618691629358e-03	1.100977647933e-02	5.411507363664e-05
3.180000000000e+02	-5.090891330891e-04	6.949865812506e-03	-1.615791615792e-03	1.099167287489e-02	5.105498473265e-05
3.190000000000e+02	-5.096144349478e-04	6.944158035875e-03	-1.603049789716e-03	1.097024550028e-02	3.830341761119e-05
3.200000000000e+02	-5.110948310948e-04	6.940253326723e-03	-1.582202686203e-03	1.096420840736e-02	1.740875000126e-05
3.210000000000e+02	-5.221001221001e-04	6.944635348199e-03	-1.562970560304e-03	1.097747437738e-02	1.049430632084e-05
3.220000000000e+02	-5.351632071632e-04	6.961968597129e-03	-1.536592592593e-03	1.101414329116e-02	3.665239014245e-05
3.230000000000e+02	-5.474448514449e-04	6.982981076416e-03	-1.528118301452e-03	1.104474340625e-02	5.117531672447e-05
3.240000000000e+02	-5.562577669244e-04	7.003757720778e-03	-1.522995522996e-03	1.106115340225e-02	6.105372830904e-05
3.250000000000e+02	-5.531189797856e-04	7.014993755453e-03	-1.531161579162e-03	1.105185132030e-02	5.330981035813e-05
3.260000000000e+02	-5.434942341609e-04	7.013067418286e-03	-1.545192782526e-03	1.103882044819e-02	3.729994564831e-05
3.270000000000e+02	-5.341864061864e-04	7.005295709229e-03	-1.563856193190e-03	1.103294662885e-02	2.243881892944e-05
3.280000000000e+02	-5.226037172704e-04	7.003856593062e-03	-1.580110161443e-03	1.103953218793e-02	1.875118225474e-05
3.290000000000e+02	-5.160309320309e-04	7.005831621916e-03	-1.591132817799e-03	1.104764266093e-02	2.666882708816e-05
3.300000000000e+02	-5.121063627730e-04	7.006571945395e-03	-1.591410663411e-03	1.104312478366e-02	2.660587226620e-05
3.310000000000e+02	-5.142509835843e-04	7.002906415883e-03	-1.584603445937e-03	1.103642001016e-02	1.995163929775e-05
3.320000000000e+02	-5.105304571971e-04	6.994013238463e-03	-1.567398724732e-03	1.102411361579e-02	2.871964681001e-06
3.330000000000e+02	-5.106606973274e-04	6.988328321024e-03	-1.552972459639e-03	1.102066761226e-02	1.188615205854e-05
3.340000000000e+02	-4.987003120336e-04	6.981348416418e-03	-1.533284493284e-03	1.101897679271e-02	3.412363794768e-05
3.350000000000e+02	-4.911550671551e-04	6.983930857649e-03	-1.524840591507e-03	1.101790991576e-02	4.496878606236e-05
3.360000000000e+02	-4.803798670465e-04	6.985355549011e-03	-1.528773843441e-03	1.101406077470e-02	4.778684924154e-05
3.370000000000e+02	-4.779660832994e-04	6.986247428053e-03	-1.538763261430e-03	1.100730363231e-02	4.267113079304e-05
3.380000000000e+02	-4.793466286800e-04	6.983983143604e-03	-1.555894179894e-03	1.100142658014e-02	3.362388674540e-05
3.390000000000e+02	-4.896573056573e-04	6.984706047511e-03	-1.565019671686e-03	1.099338205709e-02	2.211145607482e-05
3.400000000000e+02	-4.969464116131e-04	6.987059491470e-03	-1.569378374712e-03	1.098877810503e-02	1.551030908551e-05
3.410000000000e+02	-5.049952516619e-04	6.989819357788e-03	-1.561112467779e-03	1.098046272689e-02	7.714644997955e-06
3.420000000000e+02	-5.098228191562e-04	6.978281057237e-03	-1.545014787681e-03	1.097599489979e-02	1.988748972239e-05
3.430000000000e+02	-5.131396011396e-04	6.959731969829e-03	-1.525309455976e-03	1.096999203309e-02	3.952130737399e-05
3.440000000000e+02	-5.045046805047e-04	6.948258070352e-03	-1.508656084656e-03	1.097758792699e-02	5.661864759872e-05
3.450000000000e+02	-4.970245556912e-04	6.949186319538e-03	-1.498844661511e-03	1.098874050009e-02	6.758982490634e-05
3.460000000000e+02	-4.897397910731e-04	6.964303076908e-03	-1.504662053995e-03	1.099739569009e-02	6.405184240966e-05
3.470000000000e+02	-4.908859042192e-04	6.986446147964e-03	-1.517238909239e-03	1.099670190819e-02	5.194967887138e-05
3.480000000000e+02	-4.953835300502e-04	6.999642696575e-03	-1.538372541039e-03	1.098926992952e-02	3.110016169451e-05
3.490000000000e+02	-5.058635191969e-04	6.998822707299e-03	-1.555946275946e-03	1.098856697291e-02	1.064759508490e-05
3.500000000000e+02	-5.141641568308e-04	6.990160668761e-03	-1.570667752001e-03	1.098961210563e-02	6.331813837182e-06
3.510000000000e+02	-5.199294532628e-04	6.978452703295e-03	-1.578473477140e-03	1.099470048934e-02	1.591815499705e-05
3.520000000000e+02	-5.248264821598e-04	6.976847936256e-03	-1.580214353548e-03	1.099330840689e-02	2.019700449828e-05
3.530000000000e+02	-5.311865418532e-04	6.983724195852e-03	-1.579849681183e-03	1.098186718984e-02	2.456366836985e-05
3.540000000000e+02	-5.289985076652e-04	6.985263371202e-03	-1.577288291955e-03	1.096840154570e-02	2.127635780931e-05
3.550000000000e+02	-5.272011938679e-04	6.979401593534e-03	-1.579320037987e-03	1.096010660435e-02	2.118540491846e-05
3.560000000000e+02	-5.257338217338e-04	6.969769467594e-03	-1.584555691222e-03	1.096055925104e-02	2.418810482537e-05
3.570000000000e+02	-5.225516212183e-04	6.960465617638e-03	-1.589474426808e-03	1.097104014309e-02	2.692167770361e-05
3.580000000000e+02	-5.142249355583e-04	6.963572607468e-03	-1.586539682540e-03	1.098774686432e-02	2.187120593638e-05
3.590000000000e+02	-5.110297110297e-04	6.967300368241e-03	-1.578369285036e-03	1.100325701359e-02	1.358240482283e-05
3.600000000000e+02	-5.040792294126e-04	6.973402912122e-03	-1.562688373355e-03	1.100689241486e-02	7.975056214554e-06
3.610000000000e+02	-5.017522724189e-04	6.971670465570e-03	-1.538654727988e-03	1.099970361337e-02	2.800442953870e-05
3.620000000000e+02	-4.980534527201e-04	6.969468970496e-03	-1.512029304029e-03	1.098085767558e-02	5.453036896489e-05
3.630000000000e+02	-4.980925247592e-04	6.976650871803e-03	-1.488616469950e-03	1.096422823728e-02	7.740801076888e-05
3.640000000000e+02	-4.999983719984e-04	6.979641829739e-03	-1.473152625153e-03	1.095546997761e-02	9.240688579329e-05
3.650000000000e+02	-5.050039343373e-04	6.976385036015e-03	-1.474832722833e-03	1.096369157039e-02	9.022809931314e-05
3.660000000000e+02	-5.120889974223e-04	6.960874679346e-03	-1.489554198888e-03	1.098576406389e-02	7.525343298763e-05
3.670000000000e+02	-5.210799077466e-04	6.954755358790e-03	-1.510848460182e-03	1.100799560062e-02	5.475613850730e-05
3.680000000000e+02	-5.200423280423e-04	6.962498995031e-03	-1.529733279067e-03	1.102123627300e-02	3.603652251777e-05
3.690000000000e+02	-5.209236195903e-04	6.974143257108e-03	-1.541580789581e-03	1.101517313499e-02	2.496566658967e-05
3.700000000000e+02	-5.137821191155e-04	6.991301841541e-03	-1.538298738299e-03	1.100196322153e-02	2.658463489496e-05
3.710000000000e+02	-5.078344865012e-04	6.986663072657e-03	-1.526776828110e-03	1.099026680791e-02	3.823297461819e-05
3.720000000000e+02	-4.998594491928e-04	6.984157451852e-03	-1.505634513635e-03	1.098276163807e-02	6.035879489612e-05
3.730000000000e+02	-4.990910324244e-04	6.975544250863e-03	-1.486992809659e-03	1.098199596085e-02	7.883995631352e-05
3.740000000000e+02	-5.018130511464e-04	6.971150278647e-03	-1.477346357346e-03	1.098848887505e-02	8.802528268164e-05
3.750000000000e+02	-5.144506851174e-04	6.973015005374e-03	-1.485686067019e-03	1.099999497360e-02	7.916635469544e-05
3.760000000000e+02	-5.298884818885e-04	6.971908075362e-03	-1.508803690137e-03	1.101074170301e-02	5.886192339955e-05
3.770000000000e+02	-5.454695428029e-04	6.978988442794e-03	-1.542179894180e-03	1.102087554138e-02	4.059304248401e-05
3.780000000000e+02	-5.527282593949e-04	6.982214895535e-03	-1.575716727717e-03	1.102865041382e-02	4.238853160235e-05
3.790000000000e+02	-5.571520824854e-04	6.985811633153e-03	-1.603970153303e-03	1.102719340706e-02	5.994577116235e-05
3.800000000000e+02	-5.493420160087e-04	6.989549505287e-03	-1.613725139058e-03	1.102336078188e-02	6.168319004081e-05
3.810000000000e+02	-5.408329941663e-04	6.986062264766e-03	-1.608906254240e-03	1.101763999911e-02	5.281607771881e-05
3.820000000000e+02	-5.229597069597e-04	6.976016651829e-03	-1.588445529779e-03	1.101884412275e-02	2.615421181970e-05
3.830000000000e+02	-5.117677384344e-04	6.965453798484e-03	-1.564806946140e-03	1.103318240580e-02	0.000000000000e+00
